-6.17E+01	-6.45E+01	-1.08E+02	585
-6.13E+01	-6.45E+01	-1.08E+02	372
-6.09E+01	-6.45E+01	-1.08E+02	585
-6.05E+01	-6.45E+01	-1.08E+02	532
-6.01E+01	-6.45E+01	-1.08E+02	412
-5.97E+01	-6.45E+01	-1.08E+02	332
-5.93E+01	-6.45E+01	-1.08E+02	465
-5.89E+01	-6.45E+01	-1.08E+02	572
-5.85E+01	-6.45E+01	-1.08E+02	492
-6.29E+01	-6.49E+01	-1.08E+02	518
-6.25E+01	-6.49E+01	-1.08E+02	492
-6.21E+01	-6.49E+01	-1.08E+02	478
-6.17E+01	-6.49E+01	-1.08E+02	465
-6.13E+01	-6.49E+01	-1.08E+02	572
-6.09E+01	-6.49E+01	-1.08E+02	532
-6.05E+01	-6.49E+01	-1.08E+02	452
-6.01E+01	-6.49E+01	-1.08E+02	0
-5.97E+01	-6.49E+01	-1.08E+02	585
-5.93E+01	-6.49E+01	-1.08E+02	425
-5.89E+01	-6.49E+01	-1.08E+02	346
-5.85E+01	-6.49E+01	-1.08E+02	532
-5.81E+01	-6.49E+01	-1.08E+02	306
-5.77E+01	-6.49E+01	-1.08E+02	412
-5.73E+01	-6.49E+01	-1.08E+02	0
-6.37E+01	-6.53E+01	-1.08E+02	0
-6.33E+01	-6.53E+01	-1.08E+02	306
-6.29E+01	-6.53E+01	-1.08E+02	492
-6.25E+01	-6.53E+01	-1.08E+02	558
-6.21E+01	-6.53E+01	-1.08E+02	505
-6.17E+01	-6.53E+01	-1.08E+02	346
-6.13E+01	-6.53E+01	-1.08E+02	558
-6.09E+01	-6.53E+01	-1.08E+02	611
-6.05E+01	-6.53E+01	-1.08E+02	638
-6.01E+01	-6.53E+01	-1.08E+02	478
-5.97E+01	-6.53E+01	-1.08E+02	665
-5.93E+01	-6.53E+01	-1.08E+02	638
-5.89E+01	-6.53E+01	-1.08E+02	505
-5.85E+01	-6.53E+01	-1.08E+02	758
-5.81E+01	-6.53E+01	-1.08E+02	665
-5.77E+01	-6.53E+01	-1.08E+02	625
-5.73E+01	-6.53E+01	-1.08E+02	545
-5.69E+01	-6.53E+01	-1.08E+02	425
-5.65E+01	-6.53E+01	-1.08E+02	412
-6.41E+01	-6.57E+01	-1.08E+02	545
-6.37E+01	-6.57E+01	-1.08E+02	399
-6.33E+01	-6.57E+01	-1.08E+02	545
-6.29E+01	-6.57E+01	-1.08E+02	598
-6.25E+01	-6.57E+01	-1.08E+02	532
-6.21E+01	-6.57E+01	-1.08E+02	651
-6.17E+01	-6.57E+01	-1.08E+02	532
-6.13E+01	-6.57E+01	-1.08E+02	532
-6.09E+01	-6.57E+01	-1.08E+02	0
-6.05E+01	-6.57E+01	-1.08E+02	665
-6.01E+01	-6.57E+01	-1.08E+02	558
-5.97E+01	-6.57E+01	-1.08E+02	452
-5.93E+01	-6.57E+01	-1.08E+02	492
-5.89E+01	-6.57E+01	-1.08E+02	505
-5.85E+01	-6.57E+01	-1.08E+02	0
-5.81E+01	-6.57E+01	-1.08E+02	465
-5.77E+01	-6.57E+01	-1.08E+02	292
-5.73E+01	-6.57E+01	-1.08E+02	478
-5.69E+01	-6.57E+01	-1.08E+02	572
-5.65E+01	-6.57E+01	-1.08E+02	611
-5.61E+01	-6.57E+01	-1.08E+02	432
-6.45E+01	-6.61E+01	-1.08E+02	492
-6.41E+01	-6.61E+01	-1.08E+02	0
-6.37E+01	-6.61E+01	-1.08E+02	691
-6.33E+01	-6.61E+01	-1.08E+02	0
-6.29E+01	-6.61E+01	-1.08E+02	492
-6.25E+01	-6.61E+01	-1.08E+02	418
-6.21E+01	-6.61E+01	-1.08E+02	425
-6.17E+01	-6.61E+01	-1.08E+02	405
-6.13E+01	-6.61E+01	-1.08E+02	399
-6.09E+01	-6.61E+01	-1.08E+02	385
-6.05E+01	-6.61E+01	-1.08E+02	452
-6.01E+01	-6.61E+01	-1.08E+02	545
-5.97E+01	-6.61E+01	-1.08E+02	399
-5.93E+01	-6.61E+01	-1.08E+02	585
-5.89E+01	-6.61E+01	-1.08E+02	585
-5.85E+01	-6.61E+01	-1.08E+02	492
-5.81E+01	-6.61E+01	-1.08E+02	758
-5.77E+01	-6.61E+01	-1.08E+02	585
-5.73E+01	-6.61E+01	-1.08E+02	665
-5.69E+01	-6.61E+01	-1.08E+02	705
-5.65E+01	-6.61E+01	-1.08E+02	611
-5.61E+01	-6.61E+01	-1.08E+02	638
-5.57E+01	-6.61E+01	-1.08E+02	346
-6.49E+01	-6.65E+01	-1.08E+02	359
-6.45E+01	-6.65E+01	-1.08E+02	492
-6.41E+01	-6.65E+01	-1.08E+02	452
-6.37E+01	-6.65E+01	-1.08E+02	518
-6.33E+01	-6.65E+01	-1.08E+02	492
-6.29E+01	-6.65E+01	-1.08E+02	306
-6.25E+01	-6.65E+01	-1.08E+02	585
-6.21E+01	-6.65E+01	-1.08E+02	611
-6.17E+01	-6.65E+01	-1.08E+02	558
-6.13E+01	-6.65E+01	-1.08E+02	465
-6.09E+01	-6.65E+01	-1.08E+02	425
-6.05E+01	-6.65E+01	-1.08E+02	412
-6.01E+01	-6.65E+01	-1.08E+02	505
-5.97E+01	-6.65E+01	-1.08E+02	439
-5.93E+01	-6.65E+01	-1.08E+02	492
-5.89E+01	-6.65E+01	-1.08E+02	478
-5.85E+01	-6.65E+01	-1.08E+02	372
-5.81E+01	-6.65E+01	-1.08E+02	478
-5.77E+01	-6.65E+01	-1.08E+02	412
-5.73E+01	-6.65E+01	-1.08E+02	399
-5.69E+01	-6.65E+01	-1.08E+02	465
-5.65E+01	-6.65E+01	-1.08E+02	412
-5.61E+01	-6.65E+01	-1.08E+02	465
-5.57E+01	-6.65E+01	-1.08E+02	498
-5.53E+01	-6.65E+01	-1.08E+02	472
-6.53E+01	-6.69E+01	-1.08E+02	472
-6.49E+01	-6.69E+01	-1.08E+02	439
-6.45E+01	-6.69E+01	-1.08E+02	452
-6.41E+01	-6.69E+01	-1.08E+02	465
-6.37E+01	-6.69E+01	-1.08E+02	411
-6.33E+01	-6.69E+01	-1.08E+02	118
-6.29E+01	-6.69E+01	-1.08E+02	165
-6.25E+01	-6.69E+01	-1.08E+02	199
-6.21E+01	-6.69E+01	-1.08E+02	178
-6.17E+01	-6.69E+01	-1.08E+02	118
-6.13E+01	-6.69E+01	-1.08E+02	185
-6.09E+01	-6.69E+01	-1.08E+02	139
-6.05E+01	-6.69E+01	-1.08E+02	185
-6.01E+01	-6.69E+01	-1.08E+02	192
-5.97E+01	-6.69E+01	-1.08E+02	138
-5.93E+01	-6.69E+01	-1.08E+02	132
-5.89E+01	-6.69E+01	-1.08E+02	185
-5.85E+01	-6.69E+01	-1.08E+02	125
-5.81E+01	-6.69E+01	-1.08E+02	112
-5.77E+01	-6.69E+01	-1.08E+02	132
-5.73E+01	-6.69E+01	-1.08E+02	152
-5.69E+01	-6.69E+01	-1.08E+02	112
-5.65E+01	-6.69E+01	-1.08E+02	198
-5.61E+01	-6.69E+01	-1.08E+02	178
-5.57E+01	-6.69E+01	-1.08E+02	118
-5.53E+01	-6.69E+01	-1.08E+02	105
-5.49E+01	-6.69E+01	-1.08E+02	152
-6.57E+01	-6.73E+01	-1.08E+02	585
-6.53E+01	-6.73E+01	-1.08E+02	558
-6.49E+01	-6.73E+01	-1.08E+02	585
-6.45E+01	-6.73E+01	-1.08E+02	465
-6.41E+01	-6.73E+01	-1.08E+02	505
-6.37E+01	-6.73E+01	-1.08E+02	492
-6.33E+01	-6.73E+01	-1.08E+02	518
-6.29E+01	-6.73E+01	-1.08E+02	452
-6.25E+01	-6.73E+01	-1.08E+02	372
-6.21E+01	-6.73E+01	-1.08E+02	465
-6.17E+01	-6.73E+01	-1.08E+02	465
-6.13E+01	-6.73E+01	-1.08E+02	505
-6.09E+01	-6.73E+01	-1.08E+02	465
-6.05E+01	-6.73E+01	-1.08E+02	678
-6.01E+01	-6.73E+01	-1.08E+02	572
-5.97E+01	-6.73E+01	-1.08E+02	532
-5.93E+01	-6.73E+01	-1.08E+02	452
-5.89E+01	-6.73E+01	-1.08E+02	465
-5.85E+01	-6.73E+01	-1.08E+02	731
-5.81E+01	-6.73E+01	-1.08E+02	452
-5.77E+01	-6.73E+01	-1.08E+02	718
-5.73E+01	-6.73E+01	-1.08E+02	665
-5.69E+01	-6.73E+01	-1.08E+02	505
-5.65E+01	-6.73E+01	-1.08E+02	598
-5.61E+01	-6.73E+01	-1.08E+02	545
-5.57E+01	-6.73E+01	-1.08E+02	518
-5.53E+01	-6.73E+01	-1.08E+02	412
-5.49E+01	-6.73E+01	-1.08E+02	598
-5.45E+01	-6.73E+01	-1.08E+02	505
-6.61E+01	-6.77E+01	-1.08E+02	492
-6.57E+01	-6.77E+01	-1.08E+02	492
-6.53E+01	-6.77E+01	-1.08E+02	439
-6.49E+01	-6.77E+01	-1.08E+02	492
-6.45E+01	-6.77E+01	-1.08E+02	359
-6.41E+01	-6.77E+01	-1.08E+02	665
-6.37E+01	-6.77E+01	-1.08E+02	572
-6.33E+01	-6.77E+01	-1.08E+02	492
-6.29E+01	-6.77E+01	-1.08E+02	545
-6.25E+01	-6.77E+01	-1.08E+02	518
-6.21E+01	-6.77E+01	-1.08E+02	572
-6.17E+01	-6.77E+01	-1.08E+02	625
-6.13E+01	-6.77E+01	-1.08E+02	705
-6.09E+01	-6.77E+01	-1.08E+02	492
-6.05E+01	-6.77E+01	-1.08E+02	505
-6.01E+01	-6.77E+01	-1.08E+02	545
-5.97E+01	-6.77E+01	-1.08E+02	532
-5.93E+01	-6.77E+01	-1.08E+02	545
-5.89E+01	-6.77E+01	-1.08E+02	492
-5.85E+01	-6.77E+01	-1.08E+02	638
-5.81E+01	-6.77E+01	-1.08E+02	532
-5.77E+01	-6.77E+01	-1.08E+02	439
-5.73E+01	-6.77E+01	-1.08E+02	505
-5.69E+01	-6.77E+01	-1.08E+02	532
-5.65E+01	-6.77E+01	-1.08E+02	492
-5.61E+01	-6.77E+01	-1.08E+02	465
-5.57E+01	-6.77E+01	-1.08E+02	651
-5.53E+01	-6.77E+01	-1.08E+02	558
-5.49E+01	-6.77E+01	-1.08E+02	625
-5.45E+01	-6.77E+01	-1.08E+02	505
-5.41E+01	-6.77E+01	-1.08E+02	505
-6.61E+01	-6.81E+01	-1.08E+02	425
-6.57E+01	-6.81E+01	-1.08E+02	585
-6.53E+01	-6.81E+01	-1.08E+02	385
-6.49E+01	-6.81E+01	-1.08E+02	505
-6.45E+01	-6.81E+01	-1.08E+02	359
-6.41E+01	-6.81E+01	-1.08E+02	399
-6.37E+01	-6.81E+01	-1.08E+02	452
-6.33E+01	-6.81E+01	-1.08E+02	478
-6.29E+01	-6.81E+01	-1.08E+02	611
-6.25E+01	-6.81E+01	-1.08E+02	572
-6.21E+01	-6.81E+01	-1.08E+02	412
-6.17E+01	-6.81E+01	-1.08E+02	199
-6.13E+01	-6.81E+01	-1.08E+02	165
-6.09E+01	-6.81E+01	-1.08E+02	179
-6.05E+01	-6.81E+01	-1.08E+02	159
-6.01E+01	-6.81E+01	-1.08E+02	198
-5.97E+01	-6.81E+01	-1.08E+02	178
-5.93E+01	-6.81E+01	-1.08E+02	92
-5.89E+01	-6.81E+01	-1.08E+02	72
-5.85E+01	-6.81E+01	-1.08E+02	78
-5.81E+01	-6.81E+01	-1.08E+02	72
-5.77E+01	-6.81E+01	-1.08E+02	11
-5.73E+01	-6.81E+01	-1.08E+02	39
-5.69E+01	-6.81E+01	-1.08E+02	78
-5.65E+01	-6.81E+01	-1.08E+02	18
-5.61E+01	-6.81E+01	-1.08E+02	59
-5.57E+01	-6.81E+01	-1.08E+02	65
-5.53E+01	-6.81E+01	-1.08E+02	18
-5.49E+01	-6.81E+01	-1.08E+02	12
-5.45E+01	-6.81E+01	-1.08E+02	65
-5.41E+01	-6.81E+01	-1.08E+02	06
-6.65E+01	-6.85E+01	-1.08E+02	85
-6.61E+01	-6.85E+01	-1.08E+02	98
-6.57E+01	-6.85E+01	-1.08E+02	611
-6.53E+01	-6.85E+01	-1.08E+02	518
-6.49E+01	-6.85E+01	-1.08E+02	718
-6.45E+01	-6.85E+01	-1.08E+02	598
-6.41E+01	-6.85E+01	-1.08E+02	558
-6.37E+01	-6.85E+01	-1.08E+02	585
-6.33E+01	-6.85E+01	-1.08E+02	505
-6.29E+01	-6.85E+01	-1.08E+02	518
-6.25E+01	-6.85E+01	-1.08E+02	505
-6.21E+01	-6.85E+01	-1.08E+02	492
-6.17E+01	-6.85E+01	-1.08E+02	572
-6.13E+01	-6.85E+01	-1.08E+02	518
-6.09E+01	-6.85E+01	-1.08E+02	572
-6.05E+01	-6.85E+01	-1.08E+02	598
-6.01E+01	-6.85E+01	-1.08E+02	545
-5.97E+01	-6.85E+01	-1.08E+02	332
-5.93E+01	-6.85E+01	-1.08E+02	425
-5.89E+01	-6.85E+01	-1.08E+02	532
-5.85E+01	-6.85E+01	-1.08E+02	439
-5.81E+01	-6.85E+01	-1.08E+02	252
-5.77E+01	-6.85E+01	-1.08E+02	412
-5.73E+01	-6.85E+01	-1.08E+02	319
-5.69E+01	-6.85E+01	-1.08E+02	319
-5.65E+01	-6.85E+01	-1.08E+02	678
-5.61E+01	-6.85E+01	-1.08E+02	465
-5.57E+01	-6.85E+01	-1.08E+02	346
-5.53E+01	-6.85E+01	-1.08E+02	425
-5.49E+01	-6.85E+01	-1.08E+02	465
-5.45E+01	-6.85E+01	-1.08E+02	611
-5.41E+01	-6.85E+01	-1.08E+02	572
-5.37E+01	-6.85E+01	-1.08E+02	505
-6.65E+01	-6.89E+01	-1.08E+02	505
-6.61E+01	-6.89E+01	-1.08E+02	625
-6.57E+01	-6.89E+01	-1.08E+02	412
-6.53E+01	-6.89E+01	-1.08E+02	492
-6.49E+01	-6.89E+01	-1.08E+02	518
-6.45E+01	-6.89E+01	-1.08E+02	465
-6.41E+01	-6.89E+01	-1.08E+02	478
-6.37E+01	-6.89E+01	-1.08E+02	625
-6.33E+01	-6.89E+01	-1.08E+02	625
-6.29E+01	-6.89E+01	-1.08E+02	425
-6.25E+01	-6.89E+01	-1.08E+02	598
-6.21E+01	-6.89E+01	-1.08E+02	572
-6.17E+01	-6.89E+01	-1.08E+02	98
-6.13E+01	-6.89E+01	-1.08E+02	98
-6.09E+01	-6.89E+01	-1.08E+02	72
-6.05E+01	-6.89E+01	-1.08E+02	92
-6.01E+01	-6.89E+01	-1.08E+02	72
-5.97E+01	-6.89E+01	-1.08E+02	85
-5.93E+01	-6.89E+01	-1.08E+02	05
-5.89E+01	-6.89E+01	-1.08E+02	44
-5.85E+01	-6.89E+01	-1.08E+02	11
-5.81E+01	-6.89E+01	-1.08E+02	11
-5.77E+01	-6.89E+01	-1.08E+02	11
-5.73E+01	-6.89E+01	-1.08E+02	85
-5.69E+01	-6.89E+01	-1.08E+02	85
-5.65E+01	-6.89E+01	-1.08E+02	98
-5.61E+01	-6.89E+01	-1.08E+02	85
-5.57E+01	-6.89E+01	-1.08E+02	98
-5.53E+01	-6.89E+01	-1.08E+02	51
-5.49E+01	-6.89E+01	-1.08E+02	18
-5.45E+01	-6.89E+01	-1.08E+02	45
-5.41E+01	-6.89E+01	-1.08E+02	691
-5.37E+01	-6.89E+01	-1.08E+02	558
-6.65E+01	-6.93E+01	-1.08E+02	705
-6.61E+01	-6.93E+01	-1.08E+02	585
-6.57E+01	-6.93E+01	-1.08E+02	572
-6.53E+01	-6.93E+01	-1.08E+02	585
-6.49E+01	-6.93E+01	-1.08E+02	611
-6.45E+01	-6.93E+01	-1.08E+02	585
-6.41E+01	-6.93E+01	-1.08E+02	518
-6.37E+01	-6.93E+01	-1.08E+02	385
-6.33E+01	-6.93E+01	-1.08E+02	492
-6.29E+01	-6.93E+01	-1.08E+02	425
-6.25E+01	-6.93E+01	-1.08E+02	545
-6.21E+01	-6.93E+01	-1.08E+02	478
-6.17E+01	-6.93E+01	-1.08E+02	292
-6.13E+01	-6.93E+01	-1.08E+02	505
-6.09E+01	-6.93E+01	-1.08E+02	638
-6.05E+01	-6.93E+01	-1.08E+02	385
-6.01E+01	-6.93E+01	-1.08E+02	412
-5.97E+01	-6.93E+01	-1.08E+02	452
-5.93E+01	-6.93E+01	-1.08E+02	425
-5.89E+01	-6.93E+01	-1.08E+02	292
-5.85E+01	-6.93E+01	-1.08E+02	372
-5.81E+01	-6.93E+01	-1.08E+02	678
-5.77E+01	-6.93E+01	-1.08E+02	651
-5.73E+01	-6.93E+01	-1.08E+02	505
-5.69E+01	-6.93E+01	-1.08E+02	505
-5.65E+01	-6.93E+01	-1.08E+02	625
-5.61E+01	-6.93E+01	-1.08E+02	665
-5.57E+01	-6.93E+01	-1.08E+02	558
-5.53E+01	-6.93E+01	-1.08E+02	452
-5.49E+01	-6.93E+01	-1.08E+02	425
-5.45E+01	-6.93E+01	-1.08E+02	465
-5.41E+01	-6.93E+01	-1.08E+02	505
-5.37E+01	-6.93E+01	-1.08E+02	478
-6.69E+01	-6.97E+01	-1.08E+02	478
-6.65E+01	-6.97E+01	-1.08E+02	372
-6.61E+01	-6.97E+01	-1.08E+02	359
-6.57E+01	-6.97E+01	-1.08E+02	346
-6.53E+01	-6.97E+01	-1.08E+02	319
-6.49E+01	-6.97E+01	-1.08E+02	439
-6.45E+01	-6.97E+01	-1.08E+02	678
-6.41E+01	-6.97E+01	-1.08E+02	731
-6.37E+01	-6.97E+01	-1.08E+02	518
-6.33E+01	-6.97E+01	-1.08E+02	558
-6.29E+01	-6.97E+01	-1.08E+02	611
-6.25E+01	-6.97E+01	-1.08E+02	691
-6.21E+01	-6.97E+01	-1.08E+02	638
-6.17E+01	-6.97E+01	-1.08E+02	545
-6.13E+01	-6.97E+01	-1.08E+02	585
-6.09E+01	-6.97E+01	-1.08E+02	611
-6.05E+01	-6.97E+01	-1.08E+02	518
-6.01E+01	-6.97E+01	-1.08E+02	585
-5.97E+01	-6.97E+01	-1.08E+02	585
-5.93E+01	-6.97E+01	-1.08E+02	625
-5.89E+01	-6.97E+01	-1.08E+02	758
-5.85E+01	-6.97E+01	-1.08E+02	611
-5.81E+01	-6.97E+01	-1.08E+02	425
-5.77E+01	-6.97E+01	-1.08E+02	478
-5.73E+01	-6.97E+01	-1.08E+02	399
-5.69E+01	-6.97E+01	-1.08E+02	359
-5.65E+01	-6.97E+01	-1.08E+02	505
-5.61E+01	-6.97E+01	-1.08E+02	518
-5.57E+01	-6.97E+01	-1.08E+02	452
-5.53E+01	-6.97E+01	-1.08E+02	545
-5.49E+01	-6.97E+01	-1.08E+02	532
-5.45E+01	-6.97E+01	-1.08E+02	545
-5.41E+01	-6.97E+01	-1.08E+02	478
-5.37E+01	-6.97E+01	-1.08E+02	558
-5.33E+01	-6.97E+01	-1.08E+02	558
-6.69E+01	-7.01E+01	-1.08E+02	346
-6.65E+01	-7.01E+01	-1.08E+02	399
-6.61E+01	-7.01E+01	-1.08E+02	611
-6.57E+01	-7.01E+01	-1.08E+02	545
-6.53E+01	-7.01E+01	-1.08E+02	585
-6.49E+01	-7.01E+01	-1.08E+02	11
-6.45E+01	-7.01E+01	-1.08E+02	32
-6.41E+01	-7.01E+01	-1.08E+02	32
-6.37E+01	-7.01E+01	-1.08E+02	58
-6.33E+01	-7.01E+01	-1.08E+02	19
-6.29E+01	-7.01E+01	-1.08E+02	92
-6.25E+01	-7.01E+01	-1.08E+02	518
-6.21E+01	-7.01E+01	-1.08E+02	585
-6.17E+01	-7.01E+01	-1.08E+02	545
-6.13E+01	-7.01E+01	-1.08E+02	372
-6.09E+01	-7.01E+01	-1.08E+02	492
-6.05E+01	-7.01E+01	-1.08E+02	532
-6.01E+01	-7.01E+01	-1.08E+02	505
-5.97E+01	-7.01E+01	-1.08E+02	518
-5.93E+01	-7.01E+01	-1.08E+02	452
-5.89E+01	-7.01E+01	-1.08E+02	505
-5.85E+01	-7.01E+01	-1.08E+02	465
-5.81E+01	-7.01E+01	-1.08E+02	385
-5.77E+01	-7.01E+01	-1.08E+02	478
-5.73E+01	-7.01E+01	-1.08E+02	585
-5.69E+01	-7.01E+01	-1.08E+02	465
-5.65E+01	-7.01E+01	-1.08E+02	545
-5.61E+01	-7.01E+01	-1.08E+02	598
-5.57E+01	-7.01E+01	-1.08E+02	625
-5.53E+01	-7.01E+01	-1.08E+02	625
-5.49E+01	-7.01E+01	-1.08E+02	611
-5.45E+01	-7.01E+01	-1.08E+02	359
-5.41E+01	-7.01E+01	-1.08E+02	439
-5.37E+01	-7.01E+01	-1.08E+02	518
-5.33E+01	-7.01E+01	-1.08E+02	545
-6.69E+01	-7.05E+01	-1.08E+02	505
-6.65E+01	-7.05E+01	-1.08E+02	572
-6.61E+01	-7.05E+01	-1.08E+02	625
-6.57E+01	-7.05E+01	-1.08E+02	532
-6.53E+01	-7.05E+01	-1.08E+02	585
-6.49E+01	-7.05E+01	-1.08E+02	532
-6.45E+01	-7.05E+01	-1.08E+02	399
-6.41E+01	-7.05E+01	-1.08E+02	425
-6.37E+01	-7.05E+01	-1.08E+02	718
-6.33E+01	-7.05E+01	-1.08E+02	611
-6.29E+01	-7.05E+01	-1.08E+02	346
-6.25E+01	-7.05E+01	-1.08E+02	439
-6.21E+01	-7.05E+01	-1.08E+02	425
-6.17E+01	-7.05E+01	-1.08E+02	585
-6.13E+01	-7.05E+01	-1.08E+02	505
-6.09E+01	-7.05E+01	-1.08E+02	505
-6.05E+01	-7.05E+01	-1.08E+02	452
-6.01E+01	-7.05E+01	-1.08E+02	439
-5.97E+01	-7.05E+01	-1.08E+02	465
-5.93E+01	-7.05E+01	-1.08E+02	439
-5.89E+01	-7.05E+01	-1.08E+02	465
-5.85E+01	-7.05E+01	-1.08E+02	532
-5.81E+01	-7.05E+01	-1.08E+02	625
-5.77E+01	-7.05E+01	-1.08E+02	532
-5.73E+01	-7.05E+01	-1.08E+02	598
-5.69E+01	-7.05E+01	-1.08E+02	545
-5.65E+01	-7.05E+01	-1.08E+02	452
-5.61E+01	-7.05E+01	-1.08E+02	518
-5.57E+01	-7.05E+01	-1.08E+02	532
-5.53E+01	-7.05E+01	-1.08E+02	412
-5.49E+01	-7.05E+01	-1.08E+02	572
-5.45E+01	-7.05E+01	-1.08E+02	532
-5.41E+01	-7.05E+01	-1.08E+02	518
-5.37E+01	-7.05E+01	-1.08E+02	572
-5.33E+01	-7.05E+01	-1.08E+02	492
-6.69E+01	-7.09E+01	-1.08E+02	385
-6.65E+01	-7.09E+01	-1.08E+02	399
-6.61E+01	-7.09E+01	-1.08E+02	478
-6.57E+01	-7.09E+01	-1.08E+02	611
-6.53E+01	-7.09E+01	-1.08E+02	572
-6.49E+01	-7.09E+01	-1.08E+02	399
-6.45E+01	-7.09E+01	-1.08E+02	439
-6.41E+01	-7.09E+01	-1.08E+02	385
-6.37E+01	-7.09E+01	-1.08E+02	478
-6.33E+01	-7.09E+01	-1.08E+02	651
-6.29E+01	-7.09E+01	-1.08E+02	532
-6.25E+01	-7.09E+01	-1.08E+02	425
-6.21E+01	-7.09E+01	-1.08E+02	545
-6.17E+01	-7.09E+01	-1.08E+02	558
-6.13E+01	-7.09E+01	-1.08E+02	518
-6.09E+01	-7.09E+01	-1.08E+02	532
-6.05E+01	-7.09E+01	-1.08E+02	532
-6.01E+01	-7.09E+01	-1.08E+02	505
-5.97E+01	-7.09E+01	-1.08E+02	611
-5.93E+01	-7.09E+01	-1.08E+02	638
-5.89E+01	-7.09E+01	-1.08E+02	651
-5.85E+01	-7.09E+01	-1.08E+02	625
-5.81E+01	-7.09E+01	-1.08E+02	452
-5.77E+01	-7.09E+01	-1.08E+02	439
-5.73E+01	-7.09E+01	-1.08E+02	532
-5.69E+01	-7.09E+01	-1.08E+02	492
-5.65E+01	-7.09E+01	-1.08E+02	359
-5.61E+01	-7.09E+01	-1.08E+02	558
-5.57E+01	-7.09E+01	-1.08E+02	585
-5.53E+01	-7.09E+01	-1.08E+02	705
-5.49E+01	-7.09E+01	-1.08E+02	784
-5.45E+01	-7.09E+01	-1.08E+02	691
-5.41E+01	-7.09E+01	-1.08E+02	465
-5.37E+01	-7.09E+01	-1.08E+02	478
-5.33E+01	-7.09E+01	-1.08E+02	478
-6.69E+01	-7.13E+01	-1.08E+02	478
-6.65E+01	-7.13E+01	-1.08E+02	478
-6.61E+01	-7.13E+01	-1.08E+02	425
-6.57E+01	-7.13E+01	-1.08E+02	518
-6.53E+01	-7.13E+01	-1.08E+02	492
-6.49E+01	-7.13E+01	-1.08E+02	452
-6.45E+01	-7.13E+01	-1.08E+02	651
-6.41E+01	-7.13E+01	-1.08E+02	558
-6.37E+01	-7.13E+01	-1.08E+02	412
-6.33E+01	-7.13E+01	-1.08E+02	585
-6.29E+01	-7.13E+01	-1.08E+02	744
-6.25E+01	-7.13E+01	-1.08E+02	492
-6.21E+01	-7.13E+01	-1.08E+02	518
-6.17E+01	-7.13E+01	-1.08E+02	399
-6.13E+01	-7.13E+01	-1.08E+02	372
-6.09E+01	-7.13E+01	-1.08E+02	505
-6.05E+01	-7.13E+01	-1.08E+02	532
-6.01E+01	-7.13E+01	-1.08E+02	532
-5.97E+01	-7.13E+01	-1.08E+02	545
-5.93E+01	-7.13E+01	-1.08E+02	292
-5.89E+01	-7.13E+01	-1.08E+02	385
-5.85E+01	-7.13E+01	-1.08E+02	492
-5.81E+01	-7.13E+01	-1.08E+02	425
-5.77E+01	-7.13E+01	-1.08E+02	492
-5.73E+01	-7.13E+01	-1.08E+02	465
-5.69E+01	-7.13E+01	-1.08E+02	598
-5.65E+01	-7.13E+01	-1.08E+02	572
-5.61E+01	-7.13E+01	-1.08E+02	492
-5.57E+01	-7.13E+01	-1.08E+02	518
-5.53E+01	-7.13E+01	-1.08E+02	319
-5.49E+01	-7.13E+01	-1.08E+02	252
-5.45E+01	-7.13E+01	-1.08E+02	372
-5.41E+01	-7.13E+01	-1.08E+02	346
-5.37E+01	-7.13E+01	-1.08E+02	518
-5.33E+01	-7.13E+01	-1.08E+02	545
-6.69E+01	-7.17E+01	-1.08E+02	638
-6.65E+01	-7.17E+01	-1.08E+02	478
-6.61E+01	-7.17E+01	-1.08E+02	385
-6.57E+01	-7.17E+01	-1.08E+02	412
-6.53E+01	-7.17E+01	-1.08E+02	412
-6.49E+01	-7.17E+01	-1.08E+02	478
-6.45E+01	-7.17E+01	-1.08E+02	478
-6.41E+01	-7.17E+01	-1.08E+02	452
-6.37E+01	-7.17E+01	-1.08E+02	452
-6.33E+01	-7.17E+01	-1.08E+02	478
-6.29E+01	-7.17E+01	-1.08E+02	452
-6.25E+01	-7.17E+01	-1.08E+02	385
-6.21E+01	-7.17E+01	-1.08E+02	319
-6.17E+01	-7.17E+01	-1.08E+02	412
-6.13E+01	-7.17E+01	-1.08E+02	478
-6.09E+01	-7.17E+01	-1.08E+02	532
-6.05E+01	-7.17E+01	-1.08E+02	505
-6.01E+01	-7.17E+01	-1.08E+02	412
-5.97E+01	-7.17E+01	-1.08E+02	678
-5.93E+01	-7.17E+01	-1.08E+02	558
-5.89E+01	-7.17E+01	-1.08E+02	518
-5.85E+01	-7.17E+01	-1.08E+02	478
-5.81E+01	-7.17E+01	-1.08E+02	492
-5.77E+01	-7.17E+01	-1.08E+02	598
-5.73E+01	-7.17E+01	-1.08E+02	518
-5.69E+01	-7.17E+01	-1.08E+02	492
-5.65E+01	-7.17E+01	-1.08E+02	439
-5.61E+01	-7.17E+01	-1.08E+02	292
-5.57E+01	-7.17E+01	-1.08E+02	425
-5.53E+01	-7.17E+01	-1.08E+02	518
-5.49E+01	-7.17E+01	-1.08E+02	465
-5.45E+01	-7.17E+01	-1.08E+02	545
-5.41E+01	-7.17E+01	-1.08E+02	478
-5.37E+01	-7.17E+01	-1.08E+02	611
-5.33E+01	-7.17E+01	-1.08E+02	532
-6.69E+01	-7.21E+01	-1.08E+02	346
-6.65E+01	-7.21E+01	-1.08E+02	412
-6.61E+01	-7.21E+01	-1.08E+02	545
-6.57E+01	-7.21E+01	-1.08E+02	625
-6.53E+01	-7.21E+01	-1.08E+02	665
-6.49E+01	-7.21E+01	-1.08E+02	585
-6.45E+01	-7.21E+01	-1.08E+02	518
-6.41E+01	-7.21E+01	-1.08E+02	505
-6.37E+01	-7.21E+01	-1.08E+02	611
-6.33E+01	-7.21E+01	-1.08E+02	399
-6.29E+01	-7.21E+01	-1.08E+02	505
-6.25E+01	-7.21E+01	-1.08E+02	651
-6.21E+01	-7.21E+01	-1.08E+02	545
-6.17E+01	-7.21E+01	-1.08E+02	638
-6.13E+01	-7.21E+01	-1.08E+02	625
-6.09E+01	-7.21E+01	-1.08E+02	532
-6.05E+01	-7.21E+01	-1.08E+02	705
-6.01E+01	-7.21E+01	-1.08E+02	572
-5.97E+01	-7.21E+01	-1.08E+02	518
-5.93E+01	-7.21E+01	-1.08E+02	465
-5.89E+01	-7.21E+01	-1.08E+02	532
-5.85E+01	-7.21E+01	-1.08E+02	572
-5.81E+01	-7.21E+01	-1.08E+02	385
-5.77E+01	-7.21E+01	-1.08E+02	492
-5.73E+01	-7.21E+01	-1.08E+02	452
-5.69E+01	-7.21E+01	-1.08E+02	545
-5.65E+01	-7.21E+01	-1.08E+02	718
-5.61E+01	-7.21E+01	-1.08E+02	705
-5.57E+01	-7.21E+01	-1.08E+02	705
-5.53E+01	-7.21E+01	-1.08E+02	838
-5.49E+01	-7.21E+01	-1.08E+02	545
-5.45E+01	-7.21E+01	-1.08E+02	478
-5.41E+01	-7.21E+01	-1.08E+02	518
-5.37E+01	-7.21E+01	-1.08E+02	691
-5.33E+01	-7.21E+01	-1.08E+02	572
-6.69E+01	-7.25E+01	-1.08E+02	638
-6.65E+01	-7.25E+01	-1.08E+02	718
-6.61E+01	-7.25E+01	-1.08E+02	678
-6.57E+01	-7.25E+01	-1.08E+02	518
-6.53E+01	-7.25E+01	-1.08E+02	425
-6.49E+01	-7.25E+01	-1.08E+02	465
-6.45E+01	-7.25E+01	-1.08E+02	598
-6.41E+01	-7.25E+01	-1.08E+02	545
-6.37E+01	-7.25E+01	-1.08E+02	558
-6.33E+01	-7.25E+01	-1.08E+02	505
-6.29E+01	-7.25E+01	-1.08E+02	532
-6.25E+01	-7.25E+01	-1.08E+02	638
-6.21E+01	-7.25E+01	-1.08E+02	611
-6.17E+01	-7.25E+01	-1.08E+02	558
-6.13E+01	-7.25E+01	-1.08E+02	478
-6.09E+01	-7.25E+01	-1.08E+02	319
-6.05E+01	-7.25E+01	-1.08E+02	478
-6.01E+01	-7.25E+01	-1.08E+02	412
-5.97E+01	-7.25E+01	-1.08E+02	505
-5.93E+01	-7.25E+01	-1.08E+02	545
-5.89E+01	-7.25E+01	-1.08E+02	492
-5.85E+01	-7.25E+01	-1.08E+02	585
-5.81E+01	-7.25E+01	-1.08E+02	518
-5.77E+01	-7.25E+01	-1.08E+02	478
-5.73E+01	-7.25E+01	-1.08E+02	532
-5.69E+01	-7.25E+01	-1.08E+02	545
-5.65E+01	-7.25E+01	-1.08E+02	638
-5.61E+01	-7.25E+01	-1.08E+02	478
-5.57E+01	-7.25E+01	-1.08E+02	279
-5.53E+01	-7.25E+01	-1.08E+02	585
-5.49E+01	-7.25E+01	-1.08E+02	545
-5.45E+01	-7.25E+01	-1.08E+02	545
-5.41E+01	-7.25E+01	-1.08E+02	452
-5.37E+01	-7.25E+01	-1.08E+02	518
-5.33E+01	-7.25E+01	-1.08E+02	532
-6.69E+01	-7.29E+01	-1.08E+02	385
-6.65E+01	-7.29E+01	-1.08E+02	266
-6.61E+01	-7.29E+01	-1.08E+02	279
-6.57E+01	-7.29E+01	-1.08E+02	319
-6.53E+01	-7.29E+01	-1.08E+02	452
-6.49E+01	-7.29E+01	-1.08E+02	611
-6.45E+01	-7.29E+01	-1.08E+02	492
-6.41E+01	-7.29E+01	-1.08E+02	385
-6.37E+01	-7.29E+01	-1.08E+02	292
-6.33E+01	-7.29E+01	-1.08E+02	492
-6.29E+01	-7.29E+01	-1.08E+02	505
-6.25E+01	-7.29E+01	-1.08E+02	452
-6.21E+01	-7.29E+01	-1.08E+02	452
-6.17E+01	-7.29E+01	-1.08E+02	346
-6.13E+01	-7.29E+01	-1.08E+02	385
-6.09E+01	-7.29E+01	-1.08E+02	452
-6.05E+01	-7.29E+01	-1.08E+02	492
-6.01E+01	-7.29E+01	-1.08E+02	465
-5.97E+01	-7.29E+01	-1.08E+02	678
-5.93E+01	-7.29E+01	-1.08E+02	611
-5.89E+01	-7.29E+01	-1.08E+02	452
-5.85E+01	-7.29E+01	-1.08E+02	332
-5.81E+01	-7.29E+01	-1.08E+02	452
-5.77E+01	-7.29E+01	-1.08E+02	359
-5.73E+01	-7.29E+01	-1.08E+02	359
-5.69E+01	-7.29E+01	-1.08E+02	385
-5.65E+01	-7.29E+01	-1.08E+02	332
-5.61E+01	-7.29E+01	-1.08E+02	332
-5.57E+01	-7.29E+01	-1.08E+02	372
-5.53E+01	-7.29E+01	-1.08E+02	505
-5.49E+01	-7.29E+01	-1.08E+02	399
-5.45E+01	-7.29E+01	-1.08E+02	332
-5.41E+01	-7.29E+01	-1.08E+02	252
-5.37E+01	-7.29E+01	-1.08E+02	279
-5.33E+01	-7.29E+01	-1.08E+02	478
-6.65E+01	-7.33E+01	-1.08E+02	638
-6.61E+01	-7.33E+01	-1.08E+02	558
-6.57E+01	-7.33E+01	-1.08E+02	492
-6.53E+01	-7.33E+01	-1.08E+02	505
-6.49E+01	-7.33E+01	-1.08E+02	572
-6.45E+01	-7.33E+01	-1.08E+02	412
-6.41E+01	-7.33E+01	-1.08E+02	518
-6.37E+01	-7.33E+01	-1.08E+02	505
-6.33E+01	-7.33E+01	-1.08E+02	598
-6.29E+01	-7.33E+01	-1.08E+02	678
-6.25E+01	-7.33E+01	-1.08E+02	611
-6.21E+01	-7.33E+01	-1.08E+02	651
-6.17E+01	-7.33E+01	-1.08E+02	585
-6.13E+01	-7.33E+01	-1.08E+02	651
-6.09E+01	-7.33E+01	-1.08E+02	744
-6.05E+01	-7.33E+01	-1.08E+02	545
-6.01E+01	-7.33E+01	-1.08E+02	465
-5.97E+01	-7.33E+01	-1.08E+02	425
-5.93E+01	-7.33E+01	-1.08E+02	505
-5.89E+01	-7.33E+01	-1.08E+02	585
-5.85E+01	-7.33E+01	-1.08E+02	518
-5.81E+01	-7.33E+01	-1.08E+02	744
-5.77E+01	-7.33E+01	-1.08E+02	744
-5.73E+01	-7.33E+01	-1.08E+02	545
-5.69E+01	-7.33E+01	-1.08E+02	558
-5.65E+01	-7.33E+01	-1.08E+02	598
-5.61E+01	-7.33E+01	-1.08E+02	625
-5.57E+01	-7.33E+01	-1.08E+02	611
-5.53E+01	-7.33E+01	-1.08E+02	518
-5.49E+01	-7.33E+01	-1.08E+02	452
-5.45E+01	-7.33E+01	-1.08E+02	572
-5.41E+01	-7.33E+01	-1.08E+02	731
-5.37E+01	-7.33E+01	-1.08E+02	665
-6.65E+01	-7.37E+01	-1.08E+02	651
-6.61E+01	-7.37E+01	-1.08E+02	598
-6.57E+01	-7.37E+01	-1.08E+02	412
-6.53E+01	-7.37E+01	-1.08E+02	425
-6.49E+01	-7.37E+01	-1.08E+02	532
-6.45E+01	-7.37E+01	-1.08E+02	545
-6.41E+01	-7.37E+01	-1.08E+02	625
-6.37E+01	-7.37E+01	-1.08E+02	478
-6.33E+01	-7.37E+01	-1.08E+02	452
-6.29E+01	-7.37E+01	-1.08E+02	505
-6.25E+01	-7.37E+01	-1.08E+02	346
-6.21E+01	-7.37E+01	-1.08E+02	465
-6.17E+01	-7.37E+01	-1.08E+02	452
-6.13E+01	-7.37E+01	-1.08E+02	412
-6.09E+01	-7.37E+01	-1.08E+02	399
-6.05E+01	-7.37E+01	-1.08E+02	359
-6.01E+01	-7.37E+01	-1.08E+02	399
-5.97E+01	-7.37E+01	-1.08E+02	492
-5.93E+01	-7.37E+01	-1.08E+02	545
-5.89E+01	-7.37E+01	-1.08E+02	611
-5.85E+01	-7.37E+01	-1.08E+02	439
-5.81E+01	-7.37E+01	-1.08E+02	492
-5.77E+01	-7.37E+01	-1.08E+02	452
-5.73E+01	-7.37E+01	-1.08E+02	532
-5.69E+01	-7.37E+01	-1.08E+02	412
-5.65E+01	-7.37E+01	-1.08E+02	385
-5.61E+01	-7.37E+01	-1.08E+02	598
-5.57E+01	-7.37E+01	-1.08E+02	478
-5.53E+01	-7.37E+01	-1.08E+02	598
-5.49E+01	-7.37E+01	-1.08E+02	638
-5.45E+01	-7.37E+01	-1.08E+02	611
-5.41E+01	-7.37E+01	-1.08E+02	572
-5.37E+01	-7.37E+01	-1.08E+02	518
-6.65E+01	-7.41E+01	-1.08E+02	465
-6.61E+01	-7.41E+01	-1.08E+02	465
-6.57E+01	-7.41E+01	-1.08E+02	492
-6.53E+01	-7.41E+01	-1.08E+02	518
-6.49E+01	-7.41E+01	-1.08E+02	465
-6.45E+01	-7.41E+01	-1.08E+02	465
-6.41E+01	-7.41E+01	-1.08E+02	372
-6.37E+01	-7.41E+01	-1.08E+02	385
-6.33E+01	-7.41E+01	-1.08E+02	585
-6.29E+01	-7.41E+01	-1.08E+02	425
-6.25E+01	-7.41E+01	-1.08E+02	478
-6.21E+01	-7.41E+01	-1.08E+02	532
-6.17E+01	-7.41E+01	-1.08E+02	532
-6.13E+01	-7.41E+01	-1.08E+02	465
-6.09E+01	-7.41E+01	-1.08E+02	545
-6.05E+01	-7.41E+01	-1.08E+02	705
-6.01E+01	-7.41E+01	-1.08E+02	585
-5.97E+01	-7.41E+01	-1.08E+02	625
-5.93E+01	-7.41E+01	-1.08E+02	558
-5.89E+01	-7.41E+01	-1.08E+02	558
-5.85E+01	-7.41E+01	-1.08E+02	492
-5.81E+01	-7.41E+01	-1.08E+02	465
-5.77E+01	-7.41E+01	-1.08E+02	452
-5.73E+01	-7.41E+01	-1.08E+02	572
-5.69E+01	-7.41E+01	-1.08E+02	532
-5.65E+01	-7.41E+01	-1.08E+02	532
-5.61E+01	-7.41E+01	-1.08E+02	625
-5.57E+01	-7.41E+01	-1.08E+02	452
-5.53E+01	-7.41E+01	-1.08E+02	439
-5.49E+01	-7.41E+01	-1.08E+02	319
-5.45E+01	-7.41E+01	-1.08E+02	359
-5.41E+01	-7.41E+01	-1.08E+02	412
-5.37E+01	-7.41E+01	-1.08E+02	585
-6.61E+01	-7.45E+01	-1.08E+02	439
-6.57E+01	-7.45E+01	-1.08E+02	478
-6.53E+01	-7.45E+01	-1.08E+02	492
-6.49E+01	-7.45E+01	-1.08E+02	266
-6.45E+01	-7.45E+01	-1.08E+02	439
-6.41E+01	-7.45E+01	-1.08E+02	598
-6.37E+01	-7.45E+01	-1.08E+02	611
-6.33E+01	-7.45E+01	-1.08E+02	691
-6.29E+01	-7.45E+01	-1.08E+02	532
-6.25E+01	-7.45E+01	-1.08E+02	651
-6.21E+01	-7.45E+01	-1.08E+02	678
-6.17E+01	-7.45E+01	-1.08E+02	545
-6.13E+01	-7.45E+01	-1.08E+02	558
-6.09E+01	-7.45E+01	-1.08E+02	678
-6.05E+01	-7.45E+01	-1.08E+02	638
-6.01E+01	-7.45E+01	-1.08E+02	412
-5.97E+01	-7.45E+01	-1.08E+02	346
-5.93E+01	-7.45E+01	-1.08E+02	518
-5.89E+01	-7.45E+01	-1.08E+02	518
-5.85E+01	-7.45E+01	-1.08E+02	532
-5.81E+01	-7.45E+01	-1.08E+02	558
-5.77E+01	-7.45E+01	-1.08E+02	465
-5.73E+01	-7.45E+01	-1.08E+02	598
-5.69E+01	-7.45E+01	-1.08E+02	532
-5.65E+01	-7.45E+01	-1.08E+02	359
-5.61E+01	-7.45E+01	-1.08E+02	425
-5.57E+01	-7.45E+01	-1.08E+02	412
-5.53E+01	-7.45E+01	-1.08E+02	492
-5.49E+01	-7.45E+01	-1.08E+02	532
-5.45E+01	-7.45E+01	-1.08E+02	545
-5.41E+01	-7.45E+01	-1.08E+02	678
-6.61E+01	-7.49E+01	-1.08E+02	572
-6.57E+01	-7.49E+01	-1.08E+02	691
-6.53E+01	-7.49E+01	-1.08E+02	718
-6.49E+01	-7.49E+01	-1.08E+02	705
-6.45E+01	-7.49E+01	-1.08E+02	665
-6.41E+01	-7.49E+01	-1.08E+02	532
-6.37E+01	-7.49E+01	-1.08E+02	518
-6.33E+01	-7.49E+01	-1.08E+02	465
-6.29E+01	-7.49E+01	-1.08E+02	452
-6.25E+01	-7.49E+01	-1.08E+02	492
-6.21E+01	-7.49E+01	-1.08E+02	572
-6.17E+01	-7.49E+01	-1.08E+02	465
-6.13E+01	-7.49E+01	-1.08E+02	412
-6.09E+01	-7.49E+01	-1.08E+02	412
-6.05E+01	-7.49E+01	-1.08E+02	492
-6.01E+01	-7.49E+01	-1.08E+02	505
-5.97E+01	-7.49E+01	-1.08E+02	518
-5.93E+01	-7.49E+01	-1.08E+02	452
-5.89E+01	-7.49E+01	-1.08E+02	465
-5.85E+01	-7.49E+01	-1.08E+02	478
-5.81E+01	-7.49E+01	-1.08E+02	545
-5.77E+01	-7.49E+01	-1.08E+02	572
-5.73E+01	-7.49E+01	-1.08E+02	452
-5.69E+01	-7.49E+01	-1.08E+02	399
-5.65E+01	-7.49E+01	-1.08E+02	465
-5.61E+01	-7.49E+01	-1.08E+02	665
-5.57E+01	-7.49E+01	-1.08E+02	691
-5.53E+01	-7.49E+01	-1.08E+02	665
-5.49E+01	-7.49E+01	-1.08E+02	665
-5.45E+01	-7.49E+01	-1.08E+02	532
-5.41E+01	-7.49E+01	-1.08E+02	532
-6.57E+01	-7.53E+01	-1.08E+02	691
-6.53E+01	-7.53E+01	-1.08E+02	399
-6.49E+01	-7.53E+01	-1.08E+02	412
-6.45E+01	-7.53E+01	-1.08E+02	399
-6.41E+01	-7.53E+01	-1.08E+02	279
-6.37E+01	-7.53E+01	-1.08E+02	425
-6.33E+01	-7.53E+01	-1.08E+02	399
-6.29E+01	-7.53E+01	-1.08E+02	478
-6.25E+01	-7.53E+01	-1.08E+02	532
-6.21E+01	-7.53E+01	-1.08E+02	399
-6.17E+01	-7.53E+01	-1.08E+02	545
-6.13E+01	-7.53E+01	-1.08E+02	611
-6.09E+01	-7.53E+01	-1.08E+02	532
-6.05E+01	-7.53E+01	-1.08E+02	572
-6.01E+01	-7.53E+01	-1.08E+02	545
-5.97E+01	-7.53E+01	-1.08E+02	492
-5.93E+01	-7.53E+01	-1.08E+02	545
-5.89E+01	-7.53E+01	-1.08E+02	638
-5.85E+01	-7.53E+01	-1.08E+02	611
-5.81E+01	-7.53E+01	-1.08E+02	572
-5.77E+01	-7.53E+01	-1.08E+02	665
-5.73E+01	-7.53E+01	-1.08E+02	611
-5.69E+01	-7.53E+01	-1.08E+02	465
-5.65E+01	-7.53E+01	-1.08E+02	478
-5.61E+01	-7.53E+01	-1.08E+02	545
-5.57E+01	-7.53E+01	-1.08E+02	478
-5.53E+01	-7.53E+01	-1.08E+02	359
-5.49E+01	-7.53E+01	-1.08E+02	518
-5.45E+01	-7.53E+01	-1.08E+02	452
-6.53E+01	-7.57E+01	-1.08E+02	465
-6.49E+01	-7.57E+01	-1.08E+02	572
-6.45E+01	-7.57E+01	-1.08E+02	585
-6.41E+01	-7.57E+01	-1.08E+02	611
-6.37E+01	-7.57E+01	-1.08E+02	798
-6.33E+01	-7.57E+01	-1.08E+02	665
-6.29E+01	-7.57E+01	-1.08E+02	585
-6.25E+01	-7.57E+01	-1.08E+02	651
-6.21E+01	-7.57E+01	-1.08E+02	319
-6.17E+01	-7.57E+01	-1.08E+02	505
-6.13E+01	-7.57E+01	-1.08E+02	611
-6.09E+01	-7.57E+01	-1.08E+02	625
-6.05E+01	-7.57E+01	-1.08E+02	558
-6.01E+01	-7.57E+01	-1.08E+02	585
-5.97E+01	-7.57E+01	-1.08E+02	465
-5.93E+01	-7.57E+01	-1.08E+02	465
-5.89E+01	-7.57E+01	-1.08E+02	465
-5.85E+01	-7.57E+01	-1.08E+02	399
-5.81E+01	-7.57E+01	-1.08E+02	439
-5.77E+01	-7.57E+01	-1.08E+02	372
-5.73E+01	-7.57E+01	-1.08E+02	478
-5.69E+01	-7.57E+01	-1.08E+02	518
-5.65E+01	-7.57E+01	-1.08E+02	425
-5.61E+01	-7.57E+01	-1.08E+02	385
-5.57E+01	-7.57E+01	-1.08E+02	439
-5.53E+01	-7.57E+01	-1.08E+02	478
-5.49E+01	-7.57E+01	-1.08E+02	585
-6.49E+01	-7.61E+01	-1.08E+02	572
-6.45E+01	-7.61E+01	-1.08E+02	505
-6.41E+01	-7.61E+01	-1.08E+02	279
-6.37E+01	-7.61E+01	-1.08E+02	279
-6.33E+01	-7.61E+01	-1.08E+02	399
-6.29E+01	-7.61E+01	-1.08E+02	319
-6.25E+01	-7.61E+01	-1.08E+02	385
-6.21E+01	-7.61E+01	-1.08E+02	359
-6.17E+01	-7.61E+01	-1.08E+02	412
-6.13E+01	-7.61E+01	-1.08E+02	492
-6.09E+01	-7.61E+01	-1.08E+02	385
-6.05E+01	-7.61E+01	-1.08E+02	332
-6.01E+01	-7.61E+01	-1.08E+02	412
-5.97E+01	-7.61E+01	-1.08E+02	439
-5.93E+01	-7.61E+01	-1.08E+02	399
-5.89E+01	-7.61E+01	-1.08E+02	425
-5.85E+01	-7.61E+01	-1.08E+02	572
-5.81E+01	-7.61E+01	-1.08E+02	598
-5.77E+01	-7.61E+01	-1.08E+02	598
-5.73E+01	-7.61E+01	-1.08E+02	585
-5.69E+01	-7.61E+01	-1.08E+02	611
-5.65E+01	-7.61E+01	-1.08E+02	598
-5.61E+01	-7.61E+01	-1.08E+02	545
-5.57E+01	-7.61E+01	-1.08E+02	518
-5.53E+01	-7.61E+01	-1.08E+02	425
-6.45E+01	-7.65E+01	-1.08E+02	399
-6.41E+01	-7.65E+01	-1.08E+02	532
-6.37E+01	-7.65E+01	-1.08E+02	492
-6.33E+01	-7.65E+01	-1.08E+02	558
-6.29E+01	-7.65E+01	-1.08E+02	625
-6.25E+01	-7.65E+01	-1.08E+02	585
-6.21E+01	-7.65E+01	-1.08E+02	611
-6.17E+01	-7.65E+01	-1.08E+02	585
-6.13E+01	-7.65E+01	-1.08E+02	585
-6.09E+01	-7.65E+01	-1.08E+02	625
-6.05E+01	-7.65E+01	-1.08E+02	665
-6.01E+01	-7.65E+01	-1.08E+02	798
-5.97E+01	-7.65E+01	-1.08E+02	771
-5.93E+01	-7.65E+01	-1.08E+02	625
-5.89E+01	-7.65E+01	-1.08E+02	625
-5.85E+01	-7.65E+01	-1.08E+02	465
-5.81E+01	-7.65E+01	-1.08E+02	425
-5.77E+01	-7.65E+01	-1.08E+02	425
-5.73E+01	-7.65E+01	-1.08E+02	439
-5.69E+01	-7.65E+01	-1.08E+02	532
-5.65E+01	-7.65E+01	-1.08E+02	572
-5.61E+01	-7.65E+01	-1.08E+02	545
-5.57E+01	-7.65E+01	-1.08E+02	478
-6.41E+01	-7.69E+01	-1.08E+02	705
-6.37E+01	-7.69E+01	-1.08E+02	611
-6.33E+01	-7.69E+01	-1.08E+02	425
-6.29E+01	-7.69E+01	-1.08E+02	439
-6.25E+01	-7.69E+01	-1.08E+02	625
-6.21E+01	-7.69E+01	-1.08E+02	558
-6.17E+01	-7.69E+01	-1.08E+02	505
-6.13E+01	-7.69E+01	-1.08E+02	452
-6.09E+01	-7.69E+01	-1.08E+02	492
-6.05E+01	-7.69E+01	-1.08E+02	346
-6.01E+01	-7.69E+01	-1.08E+02	319
-5.97E+01	-7.69E+01	-1.08E+02	346
-5.93E+01	-7.69E+01	-1.08E+02	359
-5.89E+01	-7.69E+01	-1.08E+02	478
-5.85E+01	-7.69E+01	-1.08E+02	306
-5.81E+01	-7.69E+01	-1.08E+02	598
-5.77E+01	-7.69E+01	-1.08E+02	665
-5.73E+01	-7.69E+01	-1.08E+02	532
-5.69E+01	-7.69E+01	-1.08E+02	611
-5.65E+01	-7.69E+01	-1.08E+02	545
-5.61E+01	-7.69E+01	-1.08E+02	505
-6.37E+01	-7.73E+01	-1.08E+02	465
-6.33E+01	-7.73E+01	-1.08E+02	505
-6.29E+01	-7.73E+01	-1.08E+02	425
-6.25E+01	-7.73E+01	-1.08E+02	372
-6.21E+01	-7.73E+01	-1.08E+02	439
-6.17E+01	-7.73E+01	-1.08E+02	465
-6.13E+01	-7.73E+01	-1.08E+02	319
-6.09E+01	-7.73E+01	-1.08E+02	465
-6.05E+01	-7.73E+01	-1.08E+02	372
-6.01E+01	-7.73E+01	-1.08E+02	346
-5.97E+01	-7.73E+01	-1.08E+02	558
-5.93E+01	-7.73E+01	-1.08E+02	651
-5.89E+01	-7.73E+01	-1.08E+02	718
-5.85E+01	-7.73E+01	-1.08E+02	505
-5.81E+01	-7.73E+01	-1.08E+02	492
-5.77E+01	-7.73E+01	-1.08E+02	425
-5.73E+01	-7.73E+01	-1.08E+02	346
-5.69E+01	-7.73E+01	-1.08E+02	532
-5.65E+01	-7.73E+01	-1.08E+02	545
-6.29E+01	-7.77E+01	-1.08E+02	598
-6.25E+01	-7.77E+01	-1.08E+02	399
-6.21E+01	-7.77E+01	-1.08E+02	545
-6.17E+01	-7.77E+01	-1.08E+02	532
-6.13E+01	-7.77E+01	-1.08E+02	625
-6.09E+01	-7.77E+01	-1.08E+02	798
-6.05E+01	-7.77E+01	-1.08E+02	545
-6.01E+01	-7.77E+01	-1.08E+02	465
-5.97E+01	-7.77E+01	-1.08E+02	638
-5.93E+01	-7.77E+01	-1.08E+02	452
-5.89E+01	-7.77E+01	-1.08E+02	572
-5.85E+01	-7.77E+01	-1.08E+02	532
-5.81E+01	-7.77E+01	-1.08E+02	465
-5.77E+01	-7.77E+01	-1.08E+02	638
-5.73E+01	-7.77E+01	-1.08E+02	598
-6.17E+01	-7.81E+01	-1.08E+02	532
-6.13E+01	-7.81E+01	-1.08E+02	585
-6.09E+01	-7.81E+01	-1.08E+02	532
-6.05E+01	-7.81E+01	-1.08E+02	545
-6.01E+01	-7.81E+01	-1.08E+02	412
-5.97E+01	-7.81E+01	-1.08E+02	412
-5.93E+01	-7.81E+01	-1.08E+02	492
-5.89E+01	-7.81E+01	-1.08E+02	505
-5.85E+01	-7.81E+01	-1.08E+02	665
-6.13E+01	-6.49E+01	-1.08E+02	518
-6.09E+01	-6.49E+01	-1.08E+02	492
-6.05E+01	-6.49E+01	-1.08E+02	572
-6.01E+01	-6.49E+01	-1.08E+02	572
-5.97E+01	-6.49E+01	-1.08E+02	611
-5.93E+01	-6.49E+01	-1.08E+02	558
-5.89E+01	-6.49E+01	-1.08E+02	545
-5.85E+01	-6.49E+01	-1.08E+02	558
-5.81E+01	-6.49E+01	-1.08E+02	425
-6.25E+01	-6.53E+01	-1.08E+02	558
-6.21E+01	-6.53E+01	-1.08E+02	572
-6.17E+01	-6.53E+01	-1.08E+02	518
-6.13E+01	-6.53E+01	-1.08E+02	399
-6.09E+01	-6.53E+01	-1.08E+02	425
-6.05E+01	-6.53E+01	-1.08E+02	545
-6.01E+01	-6.53E+01	-1.08E+02	518
-5.97E+01	-6.53E+01	-1.08E+02	651
-5.93E+01	-6.53E+01	-1.08E+02	545
-5.89E+01	-6.53E+01	-1.08E+02	598
-5.85E+01	-6.53E+01	-1.08E+02	705
-5.81E+01	-6.53E+01	-1.08E+02	678
-5.77E+01	-6.53E+01	-1.08E+02	638
-5.73E+01	-6.53E+01	-1.08E+02	651
-5.69E+01	-6.53E+01	-1.08E+02	665
-6.33E+01	-6.57E+01	-1.08E+02	319
-6.29E+01	-6.57E+01	-1.08E+02	478
-6.25E+01	-6.57E+01	-1.08E+02	266
-6.21E+01	-6.57E+01	-1.08E+02	319
-6.17E+01	-6.57E+01	-1.08E+02	399
-6.13E+01	-6.57E+01	-1.08E+02	425
-6.09E+01	-6.57E+01	-1.08E+02	478
-6.05E+01	-6.57E+01	-1.08E+02	399
-6.01E+01	-6.57E+01	-1.08E+02	385
-5.97E+01	-6.57E+01	-1.08E+02	558
-5.93E+01	-6.57E+01	-1.08E+02	439
-5.89E+01	-6.57E+01	-1.08E+02	385
-5.85E+01	-6.57E+01	-1.08E+02	332
-5.81E+01	-6.57E+01	-1.08E+02	279
-5.77E+01	-6.57E+01	-1.08E+02	319
-5.73E+01	-6.57E+01	-1.08E+02	372
-5.69E+01	-6.57E+01	-1.08E+02	478
-5.65E+01	-6.57E+01	-1.08E+02	651
-5.61E+01	-6.57E+01	-1.08E+02	532
-6.37E+01	-6.61E+01	-1.08E+02	572
-6.33E+01	-6.61E+01	-1.08E+02	545
-6.29E+01	-6.61E+01	-1.08E+02	651
-6.25E+01	-6.61E+01	-1.08E+02	611
-6.21E+01	-6.61E+01	-1.08E+02	585
-6.17E+01	-6.61E+01	-1.08E+02	598
-6.13E+01	-6.61E+01	-1.08E+02	412
-6.09E+01	-6.61E+01	-1.08E+02	545
-6.05E+01	-6.61E+01	-1.08E+02	465
-6.01E+01	-6.61E+01	-1.08E+02	399
-5.97E+01	-6.61E+01	-1.08E+02	625
-5.93E+01	-6.61E+01	-1.08E+02	625
-5.89E+01	-6.61E+01	-1.08E+02	492
-5.85E+01	-6.61E+01	-1.08E+02	611
-5.81E+01	-6.61E+01	-1.08E+02	518
-5.77E+01	-6.61E+01	-1.08E+02	385
-5.73E+01	-6.61E+01	-1.08E+02	439
-5.69E+01	-6.61E+01	-1.08E+02	399
-5.65E+01	-6.61E+01	-1.08E+02	505
-5.61E+01	-6.61E+01	-1.08E+02	332
-5.57E+01	-6.61E+01	-1.08E+02	385
-6.41E+01	-6.65E+01	-1.08E+02	625
-6.37E+01	-6.65E+01	-1.08E+02	598
-6.33E+01	-6.65E+01	-1.08E+02	572
-6.29E+01	-6.65E+01	-1.08E+02	545
-6.25E+01	-6.65E+01	-1.08E+02	678
-6.21E+01	-6.65E+01	-1.08E+02	665
-6.17E+01	-6.65E+01	-1.08E+02	545
-6.13E+01	-6.65E+01	-1.08E+02	505
-6.09E+01	-6.65E+01	-1.08E+02	585
-6.05E+01	-6.65E+01	-1.08E+02	731
-6.01E+01	-6.65E+01	-1.08E+02	598
-5.97E+01	-6.65E+01	-1.08E+02	558
-5.93E+01	-6.65E+01	-1.08E+02	545
-5.89E+01	-6.65E+01	-1.08E+02	611
-5.85E+01	-6.65E+01	-1.08E+02	625
-5.81E+01	-6.65E+01	-1.08E+02	718
-5.77E+01	-6.65E+01	-1.08E+02	824
-5.73E+01	-6.65E+01	-1.08E+02	705
-5.69E+01	-6.65E+01	-1.08E+02	585
-5.65E+01	-6.65E+01	-1.08E+02	598
-5.61E+01	-6.65E+01	-1.08E+02	505
-5.57E+01	-6.65E+01	-1.08E+02	611
-5.53E+01	-6.65E+01	-1.08E+02	478
-6.45E+01	-6.69E+01	-1.08E+02	359
-6.41E+01	-6.69E+01	-1.08E+02	412
-6.37E+01	-6.69E+01	-1.08E+02	532
-6.33E+01	-6.69E+01	-1.08E+02	439
-6.29E+01	-6.69E+01	-1.08E+02	292
-6.25E+01	-6.69E+01	-1.08E+02	425
-6.21E+01	-6.69E+01	-1.08E+02	439
-6.17E+01	-6.69E+01	-1.08E+02	399
-6.13E+01	-6.69E+01	-1.08E+02	598
-6.09E+01	-6.69E+01	-1.08E+02	492
-6.05E+01	-6.69E+01	-1.08E+02	532
-6.01E+01	-6.69E+01	-1.08E+02	346
-5.97E+01	-6.69E+01	-1.08E+02	399
-5.93E+01	-6.69E+01	-1.08E+02	518
-5.89E+01	-6.69E+01	-1.08E+02	492
-5.85E+01	-6.69E+01	-1.08E+02	306
-5.81E+01	-6.69E+01	-1.08E+02	332
-5.77E+01	-6.69E+01	-1.08E+02	412
-5.73E+01	-6.69E+01	-1.08E+02	372
-5.69E+01	-6.69E+01	-1.08E+02	412
-5.65E+01	-6.69E+01	-1.08E+02	505
-5.61E+01	-6.69E+01	-1.08E+02	492
-5.57E+01	-6.69E+01	-1.08E+02	625
-5.53E+01	-6.69E+01	-1.08E+02	625
-5.49E+01	-6.69E+01	-1.08E+02	611
-6.49E+01	-6.73E+01	-1.08E+02	518
-6.45E+01	-6.73E+01	-1.08E+02	505
-6.41E+01	-6.73E+01	-1.08E+02	478
-6.37E+01	-6.73E+01	-1.08E+02	611
-6.33E+01	-6.73E+01	-1.08E+02	638
-6.29E+01	-6.73E+01	-1.08E+02	465
-6.25E+01	-6.73E+01	-1.08E+02	545
-6.21E+01	-6.73E+01	-1.08E+02	585
-6.17E+01	-6.73E+01	-1.08E+02	505
-6.13E+01	-6.73E+01	-1.08E+02	518
-6.09E+01	-6.73E+01	-1.08E+02	439
-6.05E+01	-6.73E+01	-1.08E+02	452
-6.01E+01	-6.73E+01	-1.08E+02	478
-5.97E+01	-6.73E+01	-1.08E+02	346
-5.93E+01	-6.73E+01	-1.08E+02	266
-5.89E+01	-6.73E+01	-1.08E+02	439
-5.85E+01	-6.73E+01	-1.08E+02	558
-5.81E+01	-6.73E+01	-1.08E+02	492
-5.77E+01	-6.73E+01	-1.08E+02	492
-5.73E+01	-6.73E+01	-1.08E+02	572
-5.69E+01	-6.73E+01	-1.08E+02	518
-5.65E+01	-6.73E+01	-1.08E+02	505
-5.61E+01	-6.73E+01	-1.08E+02	478
-5.57E+01	-6.73E+01	-1.08E+02	332
-5.53E+01	-6.73E+01	-1.08E+02	346
-5.49E+01	-6.73E+01	-1.08E+02	425
-5.45E+01	-6.73E+01	-1.08E+02	478
-6.53E+01	-6.77E+01	-1.08E+02	625
-6.49E+01	-6.77E+01	-1.08E+02	611
-6.45E+01	-6.77E+01	-1.08E+02	478
-6.41E+01	-6.77E+01	-1.08E+02	585
-6.37E+01	-6.77E+01	-1.08E+02	505
-6.33E+01	-6.77E+01	-1.08E+02	505
-6.29E+01	-6.77E+01	-1.08E+02	518
-6.25E+01	-6.77E+01	-1.08E+02	545
-6.21E+01	-6.77E+01	-1.08E+02	598
-6.17E+01	-6.77E+01	-1.08E+02	492
-6.13E+01	-6.77E+01	-1.08E+02	439
-6.09E+01	-6.77E+01	-1.08E+02	518
-6.05E+01	-6.77E+01	-1.08E+02	558
-6.01E+01	-6.77E+01	-1.08E+02	758
-5.97E+01	-6.77E+01	-1.08E+02	518
-5.93E+01	-6.77E+01	-1.08E+02	478
-5.89E+01	-6.77E+01	-1.08E+02	585
-5.85E+01	-6.77E+01	-1.08E+02	731
-5.81E+01	-6.77E+01	-1.08E+02	558
-5.77E+01	-6.77E+01	-1.08E+02	452
-5.73E+01	-6.77E+01	-1.08E+02	532
-5.69E+01	-6.77E+01	-1.08E+02	545
-5.65E+01	-6.77E+01	-1.08E+02	478
-5.61E+01	-6.77E+01	-1.08E+02	439
-5.57E+01	-6.77E+01	-1.08E+02	478
-5.53E+01	-6.77E+01	-1.08E+02	478
-5.49E+01	-6.77E+01	-1.08E+02	558
-5.45E+01	-6.77E+01	-1.08E+02	412
-5.41E+01	-6.77E+01	-1.08E+02	598
-6.57E+01	-6.81E+01	-1.08E+02	359
-6.53E+01	-6.81E+01	-1.08E+02	412
-6.49E+01	-6.81E+01	-1.08E+02	359
-6.45E+01	-6.81E+01	-1.08E+02	213
-6.41E+01	-6.81E+01	-1.08E+02	505
-6.37E+01	-6.81E+01	-1.08E+02	359
-6.33E+01	-6.81E+01	-1.08E+02	359
-6.29E+01	-6.81E+01	-1.08E+02	439
-6.25E+01	-6.81E+01	-1.08E+02	306
-6.21E+01	-6.81E+01	-1.08E+02	385
-6.17E+01	-6.81E+01	-1.08E+02	292
-6.13E+01	-6.81E+01	-1.08E+02	452
-6.09E+01	-6.81E+01	-1.08E+02	505
-6.05E+01	-6.81E+01	-1.08E+02	279
-6.01E+01	-6.81E+01	-1.08E+02	518
-5.97E+01	-6.81E+01	-1.08E+02	505
-5.93E+01	-6.81E+01	-1.08E+02	572
-5.89E+01	-6.81E+01	-1.08E+02	478
-5.85E+01	-6.81E+01	-1.08E+02	425
-5.81E+01	-6.81E+01	-1.08E+02	518
-5.77E+01	-6.81E+01	-1.08E+02	452
-5.73E+01	-6.81E+01	-1.08E+02	505
-5.69E+01	-6.81E+01	-1.08E+02	585
-5.65E+01	-6.81E+01	-1.08E+02	691
-5.61E+01	-6.81E+01	-1.08E+02	558
-5.57E+01	-6.81E+01	-1.08E+02	505
-5.53E+01	-6.81E+01	-1.08E+02	518
-5.49E+01	-6.81E+01	-1.08E+02	558
-5.45E+01	-6.81E+01	-1.08E+02	532
-5.41E+01	-6.81E+01	-1.08E+02	585
-5.37E+01	-6.81E+01	-1.08E+02	625
-6.57E+01	-6.85E+01	-1.08E+02	665
-6.53E+01	-6.85E+01	-1.08E+02	625
-6.49E+01	-6.85E+01	-1.08E+02	678
-6.45E+01	-6.85E+01	-1.08E+02	572
-6.41E+01	-6.85E+01	-1.08E+02	585
-6.37E+01	-6.85E+01	-1.08E+02	598
-6.33E+01	-6.85E+01	-1.08E+02	558
-6.29E+01	-6.85E+01	-1.08E+02	611
-6.25E+01	-6.85E+01	-1.08E+02	691
-6.21E+01	-6.85E+01	-1.08E+02	691
-6.17E+01	-6.85E+01	-1.08E+02	731
-6.13E+01	-6.85E+01	-1.08E+02	784
-6.09E+01	-6.85E+01	-1.08E+02	731
-6.05E+01	-6.85E+01	-1.08E+02	452
-6.01E+01	-6.85E+01	-1.08E+02	572
-5.97E+01	-6.85E+01	-1.08E+02	611
-5.93E+01	-6.85E+01	-1.08E+02	598
-5.89E+01	-6.85E+01	-1.08E+02	558
-5.85E+01	-6.85E+01	-1.08E+02	585
-5.81E+01	-6.85E+01	-1.08E+02	718
-5.77E+01	-6.85E+01	-1.08E+02	598
-5.73E+01	-6.85E+01	-1.08E+02	518
-5.69E+01	-6.85E+01	-1.08E+02	611
-5.65E+01	-6.85E+01	-1.08E+02	638
-5.61E+01	-6.85E+01	-1.08E+02	572
-5.57E+01	-6.85E+01	-1.08E+02	598
-5.53E+01	-6.85E+01	-1.08E+02	611
-5.49E+01	-6.85E+01	-1.08E+02	598
-5.45E+01	-6.85E+01	-1.08E+02	598
-5.41E+01	-6.85E+01	-1.08E+02	505
-5.37E+01	-6.85E+01	-1.08E+02	505
-6.61E+01	-6.89E+01	-1.08E+02	665
-6.57E+01	-6.89E+01	-1.08E+02	532
-6.53E+01	-6.89E+01	-1.08E+02	452
-6.49E+01	-6.89E+01	-1.08E+02	532
-6.45E+01	-6.89E+01	-1.08E+02	611
-6.41E+01	-6.89E+01	-1.08E+02	558
-6.37E+01	-6.89E+01	-1.08E+02	572
-6.33E+01	-6.89E+01	-1.08E+02	585
-6.29E+01	-6.89E+01	-1.08E+02	518
-6.25E+01	-6.89E+01	-1.08E+02	585
-6.21E+01	-6.89E+01	-1.08E+02	625
-6.17E+01	-6.89E+01	-1.08E+02	598
-6.13E+01	-6.89E+01	-1.08E+02	412
-6.09E+01	-6.89E+01	-1.08E+02	452
-6.05E+01	-6.89E+01	-1.08E+02	532
-6.01E+01	-6.89E+01	-1.08E+02	532
-5.97E+01	-6.89E+01	-1.08E+02	558
-5.93E+01	-6.89E+01	-1.08E+02	545
-5.89E+01	-6.89E+01	-1.08E+02	372
-5.85E+01	-6.89E+01	-1.08E+02	332
-5.81E+01	-6.89E+01	-1.08E+02	425
-5.77E+01	-6.89E+01	-1.08E+02	412
-5.73E+01	-6.89E+01	-1.08E+02	452
-5.69E+01	-6.89E+01	-1.08E+02	252
-5.65E+01	-6.89E+01	-1.08E+02	332
-5.61E+01	-6.89E+01	-1.08E+02	372
-5.57E+01	-6.89E+01	-1.08E+02	306
-5.53E+01	-6.89E+01	-1.08E+02	425
-5.49E+01	-6.89E+01	-1.08E+02	452
-5.45E+01	-6.89E+01	-1.08E+02	439
-5.41E+01	-6.89E+01	-1.08E+02	532
-5.37E+01	-6.89E+01	-1.08E+02	545
-5.33E+01	-6.89E+01	-1.08E+02	572
-6.61E+01	-6.93E+01	-1.08E+02	478
-6.57E+01	-6.93E+01	-1.08E+02	425
-6.53E+01	-6.93E+01	-1.08E+02	598
-6.49E+01	-6.93E+01	-1.08E+02	545
-6.45E+01	-6.93E+01	-1.08E+02	372
-6.41E+01	-6.93E+01	-1.08E+02	478
-6.37E+01	-6.93E+01	-1.08E+02	518
-6.33E+01	-6.93E+01	-1.08E+02	385
-6.29E+01	-6.93E+01	-1.08E+02	319
-6.25E+01	-6.93E+01	-1.08E+02	412
-6.21E+01	-6.93E+01	-1.08E+02	518
-6.17E+01	-6.93E+01	-1.08E+02	439
-6.13E+01	-6.93E+01	-1.08E+02	372
-6.09E+01	-6.93E+01	-1.08E+02	585
-6.05E+01	-6.93E+01	-1.08E+02	638
-6.01E+01	-6.93E+01	-1.08E+02	545
-5.97E+01	-6.93E+01	-1.08E+02	518
-5.93E+01	-6.93E+01	-1.08E+02	545
-5.89E+01	-6.93E+01	-1.08E+02	425
-5.85E+01	-6.93E+01	-1.08E+02	465
-5.81E+01	-6.93E+01	-1.08E+02	718
-5.77E+01	-6.93E+01	-1.08E+02	651
-5.73E+01	-6.93E+01	-1.08E+02	651
-5.69E+01	-6.93E+01	-1.08E+02	598
-5.65E+01	-6.93E+01	-1.08E+02	625
-5.61E+01	-6.93E+01	-1.08E+02	784
-5.57E+01	-6.93E+01	-1.08E+02	784
-5.53E+01	-6.93E+01	-1.08E+02	744
-5.49E+01	-6.93E+01	-1.08E+02	638
-5.45E+01	-6.93E+01	-1.08E+02	478
-5.41E+01	-6.93E+01	-1.08E+02	572
-5.37E+01	-6.93E+01	-1.08E+02	532
-5.33E+01	-6.93E+01	-1.08E+02	492
-6.61E+01	-6.97E+01	-1.08E+02	585
-6.57E+01	-6.97E+01	-1.08E+02	545
-6.53E+01	-6.97E+01	-1.08E+02	478
-6.49E+01	-6.97E+01	-1.08E+02	572
-6.45E+01	-6.97E+01	-1.08E+02	505
-6.41E+01	-6.97E+01	-1.08E+02	545
-6.37E+01	-6.97E+01	-1.08E+02	638
-6.33E+01	-6.97E+01	-1.08E+02	598
-6.29E+01	-6.97E+01	-1.08E+02	585
-6.25E+01	-6.97E+01	-1.08E+02	625
-6.21E+01	-6.97E+01	-1.08E+02	598
-6.17E+01	-6.97E+01	-1.08E+02	625
-6.13E+01	-6.97E+01	-1.08E+02	505
-6.09E+01	-6.97E+01	-1.08E+02	505
-6.05E+01	-6.97E+01	-1.08E+02	505
-6.01E+01	-6.97E+01	-1.08E+02	399
-5.97E+01	-6.97E+01	-1.08E+02	505
-5.93E+01	-6.97E+01	-1.08E+02	585
-5.89E+01	-6.97E+01	-1.08E+02	518
-5.85E+01	-6.97E+01	-1.08E+02	572
-5.81E+01	-6.97E+01	-1.08E+02	625
-5.77E+01	-6.97E+01	-1.08E+02	518
-5.73E+01	-6.97E+01	-1.08E+02	465
-5.69E+01	-6.97E+01	-1.08E+02	651
-5.65E+01	-6.97E+01	-1.08E+02	492
-5.61E+01	-6.97E+01	-1.08E+02	412
-5.57E+01	-6.97E+01	-1.08E+02	425
-5.53E+01	-6.97E+01	-1.08E+02	346
-5.49E+01	-6.97E+01	-1.08E+02	505
-5.45E+01	-6.97E+01	-1.08E+02	452
-5.41E+01	-6.97E+01	-1.08E+02	505
-5.37E+01	-6.97E+01	-1.08E+02	651
-5.33E+01	-6.97E+01	-1.08E+02	585
-6.65E+01	-7.01E+01	-1.08E+02	558
-6.61E+01	-7.01E+01	-1.08E+02	598
-6.57E+01	-7.01E+01	-1.08E+02	678
-6.53E+01	-7.01E+01	-1.08E+02	505
-6.49E+01	-7.01E+01	-1.08E+02	518
-6.45E+01	-7.01E+01	-1.08E+02	625
-6.41E+01	-7.01E+01	-1.08E+02	505
-6.37E+01	-7.01E+01	-1.08E+02	399
-6.33E+01	-7.01E+01	-1.08E+02	505
-6.29E+01	-7.01E+01	-1.08E+02	492
-6.25E+01	-7.01E+01	-1.08E+02	439
-6.21E+01	-7.01E+01	-1.08E+02	412
-6.17E+01	-7.01E+01	-1.08E+02	492
-6.13E+01	-7.01E+01	-1.08E+02	492
-6.09E+01	-7.01E+01	-1.08E+02	478
-6.05E+01	-7.01E+01	-1.08E+02	532
-6.01E+01	-7.01E+01	-1.08E+02	412
-5.97E+01	-7.01E+01	-1.08E+02	425
-5.93E+01	-7.01E+01	-1.08E+02	452
-5.89E+01	-7.01E+01	-1.08E+02	492
-5.85E+01	-7.01E+01	-1.08E+02	385
-5.81E+01	-7.01E+01	-1.08E+02	385
-5.77E+01	-7.01E+01	-1.08E+02	346
-5.73E+01	-7.01E+01	-1.08E+02	332
-5.69E+01	-7.01E+01	-1.08E+02	385
-5.65E+01	-7.01E+01	-1.08E+02	359
-5.61E+01	-7.01E+01	-1.08E+02	332
-5.57E+01	-7.01E+01	-1.08E+02	505
-5.53E+01	-7.01E+01	-1.08E+02	412
-5.49E+01	-7.01E+01	-1.08E+02	558
-5.45E+01	-7.01E+01	-1.08E+02	572
-5.41E+01	-7.01E+01	-1.08E+02	439
-5.37E+01	-7.01E+01	-1.08E+02	532
-5.33E+01	-7.01E+01	-1.08E+02	465
-5.29E+01	-7.01E+01	-1.08E+02	266
-6.65E+01	-7.05E+01	-1.08E+02	359
-6.61E+01	-7.05E+01	-1.08E+02	372
-6.57E+01	-7.05E+01	-1.08E+02	505
-6.53E+01	-7.05E+01	-1.08E+02	465
-6.49E+01	-7.05E+01	-1.08E+02	399
-6.45E+01	-7.05E+01	-1.08E+02	425
-6.41E+01	-7.05E+01	-1.08E+02	399
-6.37E+01	-7.05E+01	-1.08E+02	439
-6.33E+01	-7.05E+01	-1.08E+02	465
-6.29E+01	-7.05E+01	-1.08E+02	452
-6.25E+01	-7.05E+01	-1.08E+02	478
-6.21E+01	-7.05E+01	-1.08E+02	372
-6.17E+01	-7.05E+01	-1.08E+02	478
-6.13E+01	-7.05E+01	-1.08E+02	545
-6.09E+01	-7.05E+01	-1.08E+02	558
-6.05E+01	-7.05E+01	-1.08E+02	611
-6.01E+01	-7.05E+01	-1.08E+02	518
-5.97E+01	-7.05E+01	-1.08E+02	572
-5.93E+01	-7.05E+01	-1.08E+02	545
-5.89E+01	-7.05E+01	-1.08E+02	651
-5.85E+01	-7.05E+01	-1.08E+02	518
-5.81E+01	-7.05E+01	-1.08E+02	558
-5.77E+01	-7.05E+01	-1.08E+02	611
-5.73E+01	-7.05E+01	-1.08E+02	572
-5.69E+01	-7.05E+01	-1.08E+02	638
-5.65E+01	-7.05E+01	-1.08E+02	838
-5.61E+01	-7.05E+01	-1.08E+02	678
-5.57E+01	-7.05E+01	-1.08E+02	705
-5.53E+01	-7.05E+01	-1.08E+02	665
-5.49E+01	-7.05E+01	-1.08E+02	558
-5.45E+01	-7.05E+01	-1.08E+02	558
-5.41E+01	-7.05E+01	-1.08E+02	452
-5.37E+01	-7.05E+01	-1.08E+02	465
-5.33E+01	-7.05E+01	-1.08E+02	532
-5.29E+01	-7.05E+01	-1.08E+02	705
-6.65E+01	-7.09E+01	-1.08E+02	611
-6.61E+01	-7.09E+01	-1.08E+02	558
-6.57E+01	-7.09E+01	-1.08E+02	452
-6.53E+01	-7.09E+01	-1.08E+02	625
-6.49E+01	-7.09E+01	-1.08E+02	638
-6.45E+01	-7.09E+01	-1.08E+02	465
-6.41E+01	-7.09E+01	-1.08E+02	585
-6.37E+01	-7.09E+01	-1.08E+02	598
-6.33E+01	-7.09E+01	-1.08E+02	558
-6.29E+01	-7.09E+01	-1.08E+02	412
-6.25E+01	-7.09E+01	-1.08E+02	545
-6.21E+01	-7.09E+01	-1.08E+02	478
-6.17E+01	-7.09E+01	-1.08E+02	505
-6.13E+01	-7.09E+01	-1.08E+02	638
-6.09E+01	-7.09E+01	-1.08E+02	625
-6.05E+01	-7.09E+01	-1.08E+02	505
-6.01E+01	-7.09E+01	-1.08E+02	478
-5.97E+01	-7.09E+01	-1.08E+02	505
-5.93E+01	-7.09E+01	-1.08E+02	492
-5.89E+01	-7.09E+01	-1.08E+02	532
-5.85E+01	-7.09E+01	-1.08E+02	518
-5.81E+01	-7.09E+01	-1.08E+02	478
-5.77E+01	-7.09E+01	-1.08E+02	638
-5.73E+01	-7.09E+01	-1.08E+02	505
-5.69E+01	-7.09E+01	-1.08E+02	306
-5.65E+01	-7.09E+01	-1.08E+02	439
-5.61E+01	-7.09E+01	-1.08E+02	372
-5.57E+01	-7.09E+01	-1.08E+02	439
-5.53E+01	-7.09E+01	-1.08E+02	665
-5.49E+01	-7.09E+01	-1.08E+02	638
-5.45E+01	-7.09E+01	-1.08E+02	665
-5.41E+01	-7.09E+01	-1.08E+02	611
-5.37E+01	-7.09E+01	-1.08E+02	665
-5.33E+01	-7.09E+01	-1.08E+02	598
-5.29E+01	-7.09E+01	-1.08E+02	572
-6.65E+01	-7.13E+01	-1.08E+02	518
-6.61E+01	-7.13E+01	-1.08E+02	611
-6.57E+01	-7.13E+01	-1.08E+02	558
-6.53E+01	-7.13E+01	-1.08E+02	585
-6.49E+01	-7.13E+01	-1.08E+02	638
-6.45E+01	-7.13E+01	-1.08E+02	585
-6.41E+01	-7.13E+01	-1.08E+02	638
-6.37E+01	-7.13E+01	-1.08E+02	452
-6.33E+01	-7.13E+01	-1.08E+02	598
-6.29E+01	-7.13E+01	-1.08E+02	558
-6.25E+01	-7.13E+01	-1.08E+02	505
-6.21E+01	-7.13E+01	-1.08E+02	572
-6.17E+01	-7.13E+01	-1.08E+02	452
-6.13E+01	-7.13E+01	-1.08E+02	385
-6.09E+01	-7.13E+01	-1.08E+02	399
-6.05E+01	-7.13E+01	-1.08E+02	585
-6.01E+01	-7.13E+01	-1.08E+02	558
-5.97E+01	-7.13E+01	-1.08E+02	478
-5.93E+01	-7.13E+01	-1.08E+02	532
-5.89E+01	-7.13E+01	-1.08E+02	518
-5.85E+01	-7.13E+01	-1.08E+02	439
-5.81E+01	-7.13E+01	-1.08E+02	478
-5.77E+01	-7.13E+01	-1.08E+02	532
-5.73E+01	-7.13E+01	-1.08E+02	532
-5.69E+01	-7.13E+01	-1.08E+02	412
-5.65E+01	-7.13E+01	-1.08E+02	598
-5.61E+01	-7.13E+01	-1.08E+02	625
-5.57E+01	-7.13E+01	-1.08E+02	452
-5.53E+01	-7.13E+01	-1.08E+02	439
-5.49E+01	-7.13E+01	-1.08E+02	359
-5.45E+01	-7.13E+01	-1.08E+02	372
-5.41E+01	-7.13E+01	-1.08E+02	292
-5.37E+01	-7.13E+01	-1.08E+02	359
-5.33E+01	-7.13E+01	-1.08E+02	412
-5.29E+01	-7.13E+01	-1.08E+02	399
-6.65E+01	-7.17E+01	-1.08E+02	532
-6.61E+01	-7.17E+01	-1.08E+02	399
-6.57E+01	-7.17E+01	-1.08E+02	399
-6.53E+01	-7.17E+01	-1.08E+02	346
-6.49E+01	-7.17E+01	-1.08E+02	346
-6.45E+01	-7.17E+01	-1.08E+02	399
-6.41E+01	-7.17E+01	-1.08E+02	505
-6.37E+01	-7.17E+01	-1.08E+02	372
-6.33E+01	-7.17E+01	-1.08E+02	558
-6.29E+01	-7.17E+01	-1.08E+02	492
-6.25E+01	-7.17E+01	-1.08E+02	492
-6.21E+01	-7.17E+01	-1.08E+02	598
-6.17E+01	-7.17E+01	-1.08E+02	439
-6.13E+01	-7.17E+01	-1.08E+02	492
-6.09E+01	-7.17E+01	-1.08E+02	385
-6.05E+01	-7.17E+01	-1.08E+02	532
-6.01E+01	-7.17E+01	-1.08E+02	492
-5.97E+01	-7.17E+01	-1.08E+02	585
-5.93E+01	-7.17E+01	-1.08E+02	532
-5.89E+01	-7.17E+01	-1.08E+02	518
-5.85E+01	-7.17E+01	-1.08E+02	478
-5.81E+01	-7.17E+01	-1.08E+02	505
-5.77E+01	-7.17E+01	-1.08E+02	572
-5.73E+01	-7.17E+01	-1.08E+02	651
-5.69E+01	-7.17E+01	-1.08E+02	651
-5.65E+01	-7.17E+01	-1.08E+02	625
-5.61E+01	-7.17E+01	-1.08E+02	598
-5.57E+01	-7.17E+01	-1.08E+02	611
-5.53E+01	-7.17E+01	-1.08E+02	558
-5.49E+01	-7.17E+01	-1.08E+02	505
-5.45E+01	-7.17E+01	-1.08E+02	598
-5.41E+01	-7.17E+01	-1.08E+02	558
-5.37E+01	-7.17E+01	-1.08E+02	465
-5.33E+01	-7.17E+01	-1.08E+02	705
-5.29E+01	-7.17E+01	-1.08E+02	824
-6.65E+01	-7.21E+01	-1.08E+02	332
-6.61E+01	-7.21E+01	-1.08E+02	492
-6.57E+01	-7.21E+01	-1.08E+02	585
-6.53E+01	-7.21E+01	-1.08E+02	558
-6.49E+01	-7.21E+01	-1.08E+02	505
-6.45E+01	-7.21E+01	-1.08E+02	625
-6.41E+01	-7.21E+01	-1.08E+02	731
-6.37E+01	-7.21E+01	-1.08E+02	625
-6.33E+01	-7.21E+01	-1.08E+02	545
-6.29E+01	-7.21E+01	-1.08E+02	372
-6.25E+01	-7.21E+01	-1.08E+02	611
-6.21E+01	-7.21E+01	-1.08E+02	665
-6.17E+01	-7.21E+01	-1.08E+02	665
-6.13E+01	-7.21E+01	-1.08E+02	957
-6.09E+01	-7.21E+01	-1.08E+02	758
-6.05E+01	-7.21E+01	-1.08E+02	532
-6.01E+01	-7.21E+01	-1.08E+02	572
-5.97E+01	-7.21E+01	-1.08E+02	625
-5.93E+01	-7.21E+01	-1.08E+02	572
-5.89E+01	-7.21E+01	-1.08E+02	598
-5.85E+01	-7.21E+01	-1.08E+02	611
-5.81E+01	-7.21E+01	-1.08E+02	585
-5.77E+01	-7.21E+01	-1.08E+02	598
-5.73E+01	-7.21E+01	-1.08E+02	492
-5.69E+01	-7.21E+01	-1.08E+02	478
-5.65E+01	-7.21E+01	-1.08E+02	412
-5.61E+01	-7.21E+01	-1.08E+02	465
-5.57E+01	-7.21E+01	-1.08E+02	585
-5.53E+01	-7.21E+01	-1.08E+02	572
-5.49E+01	-7.21E+01	-1.08E+02	492
-5.45E+01	-7.21E+01	-1.08E+02	545
-5.41E+01	-7.21E+01	-1.08E+02	678
-5.37E+01	-7.21E+01	-1.08E+02	545
-5.33E+01	-7.21E+01	-1.08E+02	558
-5.29E+01	-7.21E+01	-1.08E+02	465
-6.65E+01	-7.25E+01	-1.08E+02	598
-6.61E+01	-7.25E+01	-1.08E+02	678
-6.57E+01	-7.25E+01	-1.08E+02	611
-6.53E+01	-7.25E+01	-1.08E+02	478
-6.49E+01	-7.25E+01	-1.08E+02	492
-6.45E+01	-7.25E+01	-1.08E+02	399
-6.41E+01	-7.25E+01	-1.08E+02	372
-6.37E+01	-7.25E+01	-1.08E+02	572
-6.33E+01	-7.25E+01	-1.08E+02	399
-6.29E+01	-7.25E+01	-1.08E+02	332
-6.25E+01	-7.25E+01	-1.08E+02	478
-6.21E+01	-7.25E+01	-1.08E+02	385
-6.17E+01	-7.25E+01	-1.08E+02	359
-6.13E+01	-7.25E+01	-1.08E+02	385
-6.09E+01	-7.25E+01	-1.08E+02	425
-6.05E+01	-7.25E+01	-1.08E+02	425
-6.01E+01	-7.25E+01	-1.08E+02	492
-5.97E+01	-7.25E+01	-1.08E+02	465
-5.93E+01	-7.25E+01	-1.08E+02	439
-5.89E+01	-7.25E+01	-1.08E+02	478
-5.85E+01	-7.25E+01	-1.08E+02	359
-5.81E+01	-7.25E+01	-1.08E+02	346
-5.77E+01	-7.25E+01	-1.08E+02	399
-5.73E+01	-7.25E+01	-1.08E+02	385
-5.69E+01	-7.25E+01	-1.08E+02	532
-5.65E+01	-7.25E+01	-1.08E+02	505
-5.61E+01	-7.25E+01	-1.08E+02	478
-5.57E+01	-7.25E+01	-1.08E+02	346
-5.53E+01	-7.25E+01	-1.08E+02	399
-5.49E+01	-7.25E+01	-1.08E+02	372
-5.45E+01	-7.25E+01	-1.08E+02	465
-5.41E+01	-7.25E+01	-1.08E+02	425
-5.37E+01	-7.25E+01	-1.08E+02	425
-5.33E+01	-7.25E+01	-1.08E+02	425
-5.29E+01	-7.25E+01	-1.08E+02	452
-6.65E+01	-7.29E+01	-1.08E+02	319
-6.61E+01	-7.29E+01	-1.08E+02	213
-6.57E+01	-7.29E+01	-1.08E+02	213
-6.53E+01	-7.29E+01	-1.08E+02	319
-6.49E+01	-7.29E+01	-1.08E+02	505
-6.45E+01	-7.29E+01	-1.08E+02	532
-6.41E+01	-7.29E+01	-1.08E+02	518
-6.37E+01	-7.29E+01	-1.08E+02	518
-6.33E+01	-7.29E+01	-1.08E+02	478
-6.29E+01	-7.29E+01	-1.08E+02	598
-6.25E+01	-7.29E+01	-1.08E+02	572
-6.21E+01	-7.29E+01	-1.08E+02	492
-6.17E+01	-7.29E+01	-1.08E+02	452
-6.13E+01	-7.29E+01	-1.08E+02	306
-6.09E+01	-7.29E+01	-1.08E+02	425
-6.05E+01	-7.29E+01	-1.08E+02	492
-6.01E+01	-7.29E+01	-1.08E+02	385
-5.97E+01	-7.29E+01	-1.08E+02	292
-5.93E+01	-7.29E+01	-1.08E+02	492
-5.89E+01	-7.29E+01	-1.08E+02	439
-5.85E+01	-7.29E+01	-1.08E+02	439
-5.81E+01	-7.29E+01	-1.08E+02	638
-5.77E+01	-7.29E+01	-1.08E+02	545
-5.73E+01	-7.29E+01	-1.08E+02	452
-5.69E+01	-7.29E+01	-1.08E+02	505
-5.65E+01	-7.29E+01	-1.08E+02	372
-5.61E+01	-7.29E+01	-1.08E+02	465
-5.57E+01	-7.29E+01	-1.08E+02	705
-5.53E+01	-7.29E+01	-1.08E+02	705
-5.49E+01	-7.29E+01	-1.08E+02	611
-5.45E+01	-7.29E+01	-1.08E+02	638
-5.41E+01	-7.29E+01	-1.08E+02	598
-5.37E+01	-7.29E+01	-1.08E+02	532
-5.33E+01	-7.29E+01	-1.08E+02	532
-5.29E+01	-7.29E+01	-1.08E+02	598
-6.65E+01	-7.33E+01	-1.08E+02	598
-6.61E+01	-7.33E+01	-1.08E+02	638
-6.57E+01	-7.33E+01	-1.08E+02	744
-6.53E+01	-7.33E+01	-1.08E+02	705
-6.49E+01	-7.33E+01	-1.08E+02	585
-6.45E+01	-7.33E+01	-1.08E+02	572
-6.41E+01	-7.33E+01	-1.08E+02	478
-6.37E+01	-7.33E+01	-1.08E+02	439
-6.33E+01	-7.33E+01	-1.08E+02	425
-6.29E+01	-7.33E+01	-1.08E+02	465
-6.25E+01	-7.33E+01	-1.08E+02	385
-6.21E+01	-7.33E+01	-1.08E+02	572
-6.17E+01	-7.33E+01	-1.08E+02	545
-6.13E+01	-7.33E+01	-1.08E+02	412
-6.09E+01	-7.33E+01	-1.08E+02	585
-6.05E+01	-7.33E+01	-1.08E+02	558
-6.01E+01	-7.33E+01	-1.08E+02	598
-5.97E+01	-7.33E+01	-1.08E+02	505
-5.93E+01	-7.33E+01	-1.08E+02	638
-5.89E+01	-7.33E+01	-1.08E+02	611
-5.85E+01	-7.33E+01	-1.08E+02	572
-5.81E+01	-7.33E+01	-1.08E+02	638
-5.77E+01	-7.33E+01	-1.08E+02	478
-5.73E+01	-7.33E+01	-1.08E+02	558
-5.69E+01	-7.33E+01	-1.08E+02	625
-5.65E+01	-7.33E+01	-1.08E+02	718
-5.61E+01	-7.33E+01	-1.08E+02	611
-5.57E+01	-7.33E+01	-1.08E+02	492
-5.53E+01	-7.33E+01	-1.08E+02	319
-5.49E+01	-7.33E+01	-1.08E+02	439
-5.45E+01	-7.33E+01	-1.08E+02	478
-5.41E+01	-7.33E+01	-1.08E+02	558
-5.37E+01	-7.33E+01	-1.08E+02	505
-5.33E+01	-7.33E+01	-1.08E+02	399
-5.29E+01	-7.33E+01	-1.08E+02	465
-6.61E+01	-7.37E+01	-1.08E+02	452
-6.57E+01	-7.37E+01	-1.08E+02	505
-6.53E+01	-7.37E+01	-1.08E+02	465
-6.49E+01	-7.37E+01	-1.08E+02	319
-6.45E+01	-7.37E+01	-1.08E+02	452
-6.41E+01	-7.37E+01	-1.08E+02	465
-6.37E+01	-7.37E+01	-1.08E+02	585
-6.33E+01	-7.37E+01	-1.08E+02	611
-6.29E+01	-7.37E+01	-1.08E+02	625
-6.25E+01	-7.37E+01	-1.08E+02	532
-6.21E+01	-7.37E+01	-1.08E+02	678
-6.17E+01	-7.37E+01	-1.08E+02	665
-6.13E+01	-7.37E+01	-1.08E+02	518
-6.09E+01	-7.37E+01	-1.08E+02	558
-6.05E+01	-7.37E+01	-1.08E+02	611
-6.01E+01	-7.37E+01	-1.08E+02	585
-5.97E+01	-7.37E+01	-1.08E+02	558
-5.93E+01	-7.37E+01	-1.08E+02	518
-5.89E+01	-7.37E+01	-1.08E+02	492
-5.85E+01	-7.37E+01	-1.08E+02	359
-5.81E+01	-7.37E+01	-1.08E+02	385
-5.77E+01	-7.37E+01	-1.08E+02	346
-5.73E+01	-7.37E+01	-1.08E+02	306
-5.69E+01	-7.37E+01	-1.08E+02	332
-5.65E+01	-7.37E+01	-1.08E+02	425
-5.61E+01	-7.37E+01	-1.08E+02	545
-5.57E+01	-7.37E+01	-1.08E+02	558
-5.53E+01	-7.37E+01	-1.08E+02	651
-5.49E+01	-7.37E+01	-1.08E+02	638
-5.45E+01	-7.37E+01	-1.08E+02	532
-5.41E+01	-7.37E+01	-1.08E+02	492
-5.37E+01	-7.37E+01	-1.08E+02	465
-5.33E+01	-7.37E+01	-1.08E+02	359
-6.61E+01	-7.41E+01	-1.08E+02	585
-6.57E+01	-7.41E+01	-1.08E+02	518
-6.53E+01	-7.41E+01	-1.08E+02	585
-6.49E+01	-7.41E+01	-1.08E+02	665
-6.45E+01	-7.41E+01	-1.08E+02	665
-6.41E+01	-7.41E+01	-1.08E+02	638
-6.37E+01	-7.41E+01	-1.08E+02	545
-6.33E+01	-7.41E+01	-1.08E+02	425
-6.29E+01	-7.41E+01	-1.08E+02	452
-6.25E+01	-7.41E+01	-1.08E+02	572
-6.21E+01	-7.41E+01	-1.08E+02	478
-6.17E+01	-7.41E+01	-1.08E+02	492
-6.13E+01	-7.41E+01	-1.08E+02	412
-6.09E+01	-7.41E+01	-1.08E+02	385
-6.05E+01	-7.41E+01	-1.08E+02	346
-6.01E+01	-7.41E+01	-1.08E+02	266
-5.97E+01	-7.41E+01	-1.08E+02	518
-5.93E+01	-7.41E+01	-1.08E+02	492
-5.89E+01	-7.41E+01	-1.08E+02	545
-5.85E+01	-7.41E+01	-1.08E+02	598
-5.81E+01	-7.41E+01	-1.08E+02	585
-5.77E+01	-7.41E+01	-1.08E+02	651
-5.73E+01	-7.41E+01	-1.08E+02	625
-5.69E+01	-7.41E+01	-1.08E+02	505
-5.65E+01	-7.41E+01	-1.08E+02	385
-5.61E+01	-7.41E+01	-1.08E+02	492
-5.57E+01	-7.41E+01	-1.08E+02	372
-5.53E+01	-7.41E+01	-1.08E+02	399
-5.49E+01	-7.41E+01	-1.08E+02	346
-5.45E+01	-7.41E+01	-1.08E+02	306
-5.41E+01	-7.41E+01	-1.08E+02	425
-5.37E+01	-7.41E+01	-1.08E+02	572
-5.33E+01	-7.41E+01	-1.08E+02	691
-6.61E+01	-7.45E+01	-1.08E+02	545
-6.57E+01	-7.45E+01	-1.08E+02	425
-6.53E+01	-7.45E+01	-1.08E+02	372
-6.49E+01	-7.45E+01	-1.08E+02	372
-6.45E+01	-7.45E+01	-1.08E+02	306
-6.41E+01	-7.45E+01	-1.08E+02	252
-6.37E+01	-7.45E+01	-1.08E+02	385
-6.33E+01	-7.45E+01	-1.08E+02	399
-6.29E+01	-7.45E+01	-1.08E+02	292
-6.25E+01	-7.45E+01	-1.08E+02	439
-6.21E+01	-7.45E+01	-1.08E+02	412
-6.17E+01	-7.45E+01	-1.08E+02	545
-6.13E+01	-7.45E+01	-1.08E+02	545
-6.09E+01	-7.45E+01	-1.08E+02	678
-6.05E+01	-7.45E+01	-1.08E+02	744
-6.01E+01	-7.45E+01	-1.08E+02	585
-5.97E+01	-7.45E+01	-1.08E+02	518
-5.93E+01	-7.45E+01	-1.08E+02	452
-5.89E+01	-7.45E+01	-1.08E+02	718
-5.85E+01	-7.45E+01	-1.08E+02	585
-5.81E+01	-7.45E+01	-1.08E+02	412
-5.77E+01	-7.45E+01	-1.08E+02	545
-5.73E+01	-7.45E+01	-1.08E+02	611
-5.69E+01	-7.45E+01	-1.08E+02	558
-5.65E+01	-7.45E+01	-1.08E+02	505
-5.61E+01	-7.45E+01	-1.08E+02	705
-5.57E+01	-7.45E+01	-1.08E+02	532
-5.53E+01	-7.45E+01	-1.08E+02	598
-5.49E+01	-7.45E+01	-1.08E+02	718
-5.45E+01	-7.45E+01	-1.08E+02	651
-5.41E+01	-7.45E+01	-1.08E+02	665
-5.37E+01	-7.45E+01	-1.08E+02	572
-5.33E+01	-7.45E+01	-1.08E+02	598
-6.57E+01	-7.49E+01	-1.08E+02	518
-6.53E+01	-7.49E+01	-1.08E+02	558
-6.49E+01	-7.49E+01	-1.08E+02	611
-6.45E+01	-7.49E+01	-1.08E+02	651
-6.41E+01	-7.49E+01	-1.08E+02	585
-6.37E+01	-7.49E+01	-1.08E+02	691
-6.33E+01	-7.49E+01	-1.08E+02	744
-6.29E+01	-7.49E+01	-1.08E+02	558
-6.25E+01	-7.49E+01	-1.08E+02	691
-6.21E+01	-7.49E+01	-1.08E+02	532
-6.17E+01	-7.49E+01	-1.08E+02	545
-6.13E+01	-7.49E+01	-1.08E+02	532
-6.09E+01	-7.49E+01	-1.08E+02	412
-6.05E+01	-7.49E+01	-1.08E+02	532
-6.01E+01	-7.49E+01	-1.08E+02	532
-5.97E+01	-7.49E+01	-1.08E+02	372
-5.93E+01	-7.49E+01	-1.08E+02	239
-5.89E+01	-7.49E+01	-1.08E+02	518
-5.85E+01	-7.49E+01	-1.08E+02	478
-5.81E+01	-7.49E+01	-1.08E+02	492
-5.77E+01	-7.49E+01	-1.08E+02	465
-5.73E+01	-7.49E+01	-1.08E+02	452
-5.69E+01	-7.49E+01	-1.08E+02	492
-5.65E+01	-7.49E+01	-1.08E+02	452
-5.61E+01	-7.49E+01	-1.08E+02	625
-5.57E+01	-7.49E+01	-1.08E+02	665
-5.53E+01	-7.49E+01	-1.08E+02	638
-5.49E+01	-7.49E+01	-1.08E+02	638
-5.45E+01	-7.49E+01	-1.08E+02	452
-5.41E+01	-7.49E+01	-1.08E+02	598
-5.37E+01	-7.49E+01	-1.08E+02	465
-6.57E+01	-7.53E+01	-1.08E+02	532
-6.53E+01	-7.53E+01	-1.08E+02	465
-6.49E+01	-7.53E+01	-1.08E+02	465
-6.45E+01	-7.53E+01	-1.08E+02	452
-6.41E+01	-7.53E+01	-1.08E+02	412
-6.37E+01	-7.53E+01	-1.08E+02	359
-6.33E+01	-7.53E+01	-1.08E+02	478
-6.29E+01	-7.53E+01	-1.08E+02	385
-6.25E+01	-7.53E+01	-1.08E+02	505
-6.21E+01	-7.53E+01	-1.08E+02	465
-6.17E+01	-7.53E+01	-1.08E+02	505
-6.13E+01	-7.53E+01	-1.08E+02	532
-6.09E+01	-7.53E+01	-1.08E+02	372
-6.05E+01	-7.53E+01	-1.08E+02	505
-6.01E+01	-7.53E+01	-1.08E+02	625
-5.97E+01	-7.53E+01	-1.08E+02	744
-5.93E+01	-7.53E+01	-1.08E+02	691
-5.89E+01	-7.53E+01	-1.08E+02	678
-5.85E+01	-7.53E+01	-1.08E+02	665
-5.81E+01	-7.53E+01	-1.08E+02	678
-5.77E+01	-7.53E+01	-1.08E+02	518
-5.73E+01	-7.53E+01	-1.08E+02	532
-5.69E+01	-7.53E+01	-1.08E+02	665
-5.65E+01	-7.53E+01	-1.08E+02	558
-5.61E+01	-7.53E+01	-1.08E+02	425
-5.57E+01	-7.53E+01	-1.08E+02	425
-5.53E+01	-7.53E+01	-1.08E+02	252
-5.49E+01	-7.53E+01	-1.08E+02	332
-5.45E+01	-7.53E+01	-1.08E+02	425
-5.41E+01	-7.53E+01	-1.08E+02	465
-5.37E+01	-7.53E+01	-1.08E+02	452
-6.53E+01	-7.57E+01	-1.08E+02	731
-6.49E+01	-7.57E+01	-1.08E+02	611
-6.45E+01	-7.57E+01	-1.08E+02	611
-6.41E+01	-7.57E+01	-1.08E+02	492
-6.37E+01	-7.57E+01	-1.08E+02	585
-6.33E+01	-7.57E+01	-1.08E+02	638
-6.29E+01	-7.57E+01	-1.08E+02	518
-6.25E+01	-7.57E+01	-1.08E+02	545
-6.21E+01	-7.57E+01	-1.08E+02	598
-6.17E+01	-7.57E+01	-1.08E+02	771
-6.13E+01	-7.57E+01	-1.08E+02	678
-6.09E+01	-7.57E+01	-1.08E+02	518
-6.05E+01	-7.57E+01	-1.08E+02	532
-6.01E+01	-7.57E+01	-1.08E+02	518
-5.97E+01	-7.57E+01	-1.08E+02	478
-5.93E+01	-7.57E+01	-1.08E+02	346
-5.89E+01	-7.57E+01	-1.08E+02	359
-5.85E+01	-7.57E+01	-1.08E+02	505
-5.81E+01	-7.57E+01	-1.08E+02	319
-5.77E+01	-7.57E+01	-1.08E+02	239
-5.73E+01	-7.57E+01	-1.08E+02	359
-5.69E+01	-7.57E+01	-1.08E+02	292
-5.65E+01	-7.57E+01	-1.08E+02	439
-5.61E+01	-7.57E+01	-1.08E+02	572
-5.57E+01	-7.57E+01	-1.08E+02	665
-5.53E+01	-7.57E+01	-1.08E+02	585
-5.49E+01	-7.57E+01	-1.08E+02	651
-5.45E+01	-7.57E+01	-1.08E+02	532
-5.41E+01	-7.57E+01	-1.08E+02	452
-6.49E+01	-7.61E+01	-1.08E+02	359
-6.45E+01	-7.61E+01	-1.08E+02	492
-6.41E+01	-7.61E+01	-1.08E+02	385
-6.37E+01	-7.61E+01	-1.08E+02	385
-6.33E+01	-7.61E+01	-1.08E+02	518
-6.29E+01	-7.61E+01	-1.08E+02	478
-6.25E+01	-7.61E+01	-1.08E+02	478
-6.21E+01	-7.61E+01	-1.08E+02	505
-6.17E+01	-7.61E+01	-1.08E+02	505
-6.13E+01	-7.61E+01	-1.08E+02	598
-6.09E+01	-7.61E+01	-1.08E+02	399
-6.05E+01	-7.61E+01	-1.08E+02	505
-6.01E+01	-7.61E+01	-1.08E+02	545
-5.97E+01	-7.61E+01	-1.08E+02	505
-5.93E+01	-7.61E+01	-1.08E+02	439
-5.89E+01	-7.61E+01	-1.08E+02	439
-5.85E+01	-7.61E+01	-1.08E+02	691
-5.81E+01	-7.61E+01	-1.08E+02	638
-5.77E+01	-7.61E+01	-1.08E+02	744
-5.73E+01	-7.61E+01	-1.08E+02	838
-5.69E+01	-7.61E+01	-1.08E+02	598
-5.65E+01	-7.61E+01	-1.08E+02	665
-5.61E+01	-7.61E+01	-1.08E+02	545
-5.57E+01	-7.61E+01	-1.08E+02	651
-5.53E+01	-7.61E+01	-1.08E+02	505
-5.49E+01	-7.61E+01	-1.08E+02	385
-5.45E+01	-7.61E+01	-1.08E+02	465
-6.45E+01	-7.65E+01	-1.08E+02	585
-6.41E+01	-7.65E+01	-1.08E+02	518
-6.37E+01	-7.65E+01	-1.08E+02	492
-6.33E+01	-7.65E+01	-1.08E+02	492
-6.29E+01	-7.65E+01	-1.08E+02	691
-6.25E+01	-7.65E+01	-1.08E+02	598
-6.21E+01	-7.65E+01	-1.08E+02	385
-6.17E+01	-7.65E+01	-1.08E+02	332
-6.13E+01	-7.65E+01	-1.08E+02	558
-6.09E+01	-7.65E+01	-1.08E+02	465
-6.05E+01	-7.65E+01	-1.08E+02	505
-6.01E+01	-7.65E+01	-1.08E+02	505
-5.97E+01	-7.65E+01	-1.08E+02	518
-5.93E+01	-7.65E+01	-1.08E+02	611
-5.89E+01	-7.65E+01	-1.08E+02	412
-5.85E+01	-7.65E+01	-1.08E+02	452
-5.81E+01	-7.65E+01	-1.08E+02	572
-5.77E+01	-7.65E+01	-1.08E+02	505
-5.73E+01	-7.65E+01	-1.08E+02	492
-5.69E+01	-7.65E+01	-1.08E+02	439
-5.65E+01	-7.65E+01	-1.08E+02	372
-5.61E+01	-7.65E+01	-1.08E+02	186
-5.57E+01	-7.65E+01	-1.08E+02	425
-5.53E+01	-7.65E+01	-1.08E+02	598
-5.49E+01	-7.65E+01	-1.08E+02	545
-6.41E+01	-7.69E+01	-1.08E+02	598
-6.37E+01	-7.69E+01	-1.08E+02	651
-6.33E+01	-7.69E+01	-1.08E+02	425
-6.29E+01	-7.69E+01	-1.08E+02	492
-6.25E+01	-7.69E+01	-1.08E+02	532
-6.21E+01	-7.69E+01	-1.08E+02	465
-6.17E+01	-7.69E+01	-1.08E+02	558
-6.13E+01	-7.69E+01	-1.08E+02	425
-6.09E+01	-7.69E+01	-1.08E+02	518
-6.05E+01	-7.69E+01	-1.08E+02	492
-6.01E+01	-7.69E+01	-1.08E+02	518
-5.97E+01	-7.69E+01	-1.08E+02	625
-5.93E+01	-7.69E+01	-1.08E+02	678
-5.89E+01	-7.69E+01	-1.08E+02	492
-5.85E+01	-7.69E+01	-1.08E+02	439
-5.81E+01	-7.69E+01	-1.08E+02	598
-5.77E+01	-7.69E+01	-1.08E+02	545
-5.73E+01	-7.69E+01	-1.08E+02	425
-5.69E+01	-7.69E+01	-1.08E+02	452
-5.65E+01	-7.69E+01	-1.08E+02	545
-5.61E+01	-7.69E+01	-1.08E+02	532
-5.57E+01	-7.69E+01	-1.08E+02	611
-5.53E+01	-7.69E+01	-1.08E+02	611
-6.37E+01	-7.73E+01	-1.08E+02	372
-6.33E+01	-7.73E+01	-1.08E+02	372
-6.29E+01	-7.73E+01	-1.08E+02	359
-6.25E+01	-7.73E+01	-1.08E+02	346
-6.21E+01	-7.73E+01	-1.08E+02	492
-6.17E+01	-7.73E+01	-1.08E+02	532
-6.13E+01	-7.73E+01	-1.08E+02	412
-6.09E+01	-7.73E+01	-1.08E+02	492
-6.05E+01	-7.73E+01	-1.08E+02	505
-6.01E+01	-7.73E+01	-1.08E+02	492
-5.97E+01	-7.73E+01	-1.08E+02	572
-5.93E+01	-7.73E+01	-1.08E+02	478
-5.89E+01	-7.73E+01	-1.08E+02	505
-5.85E+01	-7.73E+01	-1.08E+02	452
-5.81E+01	-7.73E+01	-1.08E+02	359
-5.77E+01	-7.73E+01	-1.08E+02	372
-5.73E+01	-7.73E+01	-1.08E+02	439
-5.69E+01	-7.73E+01	-1.08E+02	505
-5.65E+01	-7.73E+01	-1.08E+02	545
-5.61E+01	-7.73E+01	-1.08E+02	425
-5.57E+01	-7.73E+01	-1.08E+02	319
-6.33E+01	-7.77E+01	-1.08E+02	758
-6.29E+01	-7.77E+01	-1.08E+02	744
-6.25E+01	-7.77E+01	-1.08E+02	465
-6.21E+01	-7.77E+01	-1.08E+02	518
-6.17E+01	-7.77E+01	-1.08E+02	518
-6.13E+01	-7.77E+01	-1.08E+02	465
-6.09E+01	-7.77E+01	-1.08E+02	465
-6.05E+01	-7.77E+01	-1.08E+02	505
-6.01E+01	-7.77E+01	-1.08E+02	385
-5.97E+01	-7.77E+01	-1.08E+02	439
-5.93E+01	-7.77E+01	-1.08E+02	399
-5.89E+01	-7.77E+01	-1.08E+02	598
-5.85E+01	-7.77E+01	-1.08E+02	532
-5.81E+01	-7.77E+01	-1.08E+02	478
-5.77E+01	-7.77E+01	-1.08E+02	399
-5.73E+01	-7.77E+01	-1.08E+02	439
-5.69E+01	-7.77E+01	-1.08E+02	425
-5.65E+01	-7.77E+01	-1.08E+02	359
-5.61E+01	-7.77E+01	-1.08E+02	439
-6.25E+01	-7.81E+01	-1.08E+02	439
-6.21E+01	-7.81E+01	-1.08E+02	465
-6.17E+01	-7.81E+01	-1.08E+02	532
-6.13E+01	-7.81E+01	-1.08E+02	572
-6.09E+01	-7.81E+01	-1.08E+02	545
-6.05E+01	-7.81E+01	-1.08E+02	558
-6.01E+01	-7.81E+01	-1.08E+02	598
-5.97E+01	-7.81E+01	-1.08E+02	598
-5.93E+01	-7.81E+01	-1.08E+02	452
-5.89E+01	-7.81E+01	-1.08E+02	518
-5.85E+01	-7.81E+01	-1.08E+02	492
-5.81E+01	-7.81E+01	-1.08E+02	558
-5.77E+01	-7.81E+01	-1.08E+02	611
-5.73E+01	-7.81E+01	-1.08E+02	572
-5.69E+01	-7.81E+01	-1.08E+02	532
-6.13E+01	-6.49E+01	-1.07E+02	492
-6.09E+01	-6.49E+01	-1.07E+02	465
-6.05E+01	-6.49E+01	-1.07E+02	585
-6.01E+01	-6.49E+01	-1.07E+02	505
-5.97E+01	-6.49E+01	-1.07E+02	465
-5.93E+01	-6.49E+01	-1.07E+02	399
-5.89E+01	-6.49E+01	-1.07E+02	545
-5.85E+01	-6.49E+01	-1.07E+02	572
-5.81E+01	-6.49E+01	-1.07E+02	558
-6.25E+01	-6.53E+01	-1.07E+02	399
-6.21E+01	-6.53E+01	-1.07E+02	558
-6.17E+01	-6.53E+01	-1.07E+02	585
-6.13E+01	-6.53E+01	-1.07E+02	439
-6.09E+01	-6.53E+01	-1.07E+02	292
-6.05E+01	-6.53E+01	-1.07E+02	558
-6.01E+01	-6.53E+01	-1.07E+02	572
-5.97E+01	-6.53E+01	-1.07E+02	532
-5.93E+01	-6.53E+01	-1.07E+02	572
-5.89E+01	-6.53E+01	-1.07E+02	518
-5.85E+01	-6.53E+01	-1.07E+02	399
-5.81E+01	-6.53E+01	-1.07E+02	572
-5.77E+01	-6.53E+01	-1.07E+02	585
-5.73E+01	-6.53E+01	-1.07E+02	558
-5.69E+01	-6.53E+01	-1.07E+02	651
-6.33E+01	-6.57E+01	-1.07E+02	572
-6.29E+01	-6.57E+01	-1.07E+02	532
-6.25E+01	-6.57E+01	-1.07E+02	558
-6.21E+01	-6.57E+01	-1.07E+02	532
-6.17E+01	-6.57E+01	-1.07E+02	478
-6.13E+01	-6.57E+01	-1.07E+02	638
-6.09E+01	-6.57E+01	-1.07E+02	492
-6.05E+01	-6.57E+01	-1.07E+02	558
-6.01E+01	-6.57E+01	-1.07E+02	545
-5.97E+01	-6.57E+01	-1.07E+02	585
-5.93E+01	-6.57E+01	-1.07E+02	452
-5.89E+01	-6.57E+01	-1.07E+02	492
-5.85E+01	-6.57E+01	-1.07E+02	439
-5.81E+01	-6.57E+01	-1.07E+02	372
-5.77E+01	-6.57E+01	-1.07E+02	478
-5.73E+01	-6.57E+01	-1.07E+02	452
-5.69E+01	-6.57E+01	-1.07E+02	385
-5.65E+01	-6.57E+01	-1.07E+02	279
-5.61E+01	-6.57E+01	-1.07E+02	372
-6.37E+01	-6.61E+01	-1.07E+02	572
-6.33E+01	-6.61E+01	-1.07E+02	572
-6.29E+01	-6.61E+01	-1.07E+02	346
-6.25E+01	-6.61E+01	-1.07E+02	505
-6.21E+01	-6.61E+01	-1.07E+02	625
-6.17E+01	-6.61E+01	-1.07E+02	425
-6.13E+01	-6.61E+01	-1.07E+02	625
-6.09E+01	-6.61E+01	-1.07E+02	705
-6.05E+01	-6.61E+01	-1.07E+02	572
-6.01E+01	-6.61E+01	-1.07E+02	478
-5.97E+01	-6.61E+01	-1.07E+02	532
-5.93E+01	-6.61E+01	-1.07E+02	532
-5.89E+01	-6.61E+01	-1.07E+02	518
-5.85E+01	-6.61E+01	-1.07E+02	638
-5.81E+01	-6.61E+01	-1.07E+02	665
-5.77E+01	-6.61E+01	-1.07E+02	545
-5.73E+01	-6.61E+01	-1.07E+02	651
-5.69E+01	-6.61E+01	-1.07E+02	625
-5.65E+01	-6.61E+01	-1.07E+02	532
-5.61E+01	-6.61E+01	-1.07E+02	731
-5.57E+01	-6.61E+01	-1.07E+02	572
-6.41E+01	-6.65E+01	-1.07E+02	598
-6.37E+01	-6.65E+01	-1.07E+02	572
-6.33E+01	-6.65E+01	-1.07E+02	545
-6.29E+01	-6.65E+01	-1.07E+02	465
-6.25E+01	-6.65E+01	-1.07E+02	478
-6.21E+01	-6.65E+01	-1.07E+02	651
-6.17E+01	-6.65E+01	-1.07E+02	598
-6.13E+01	-6.65E+01	-1.07E+02	332
-6.09E+01	-6.65E+01	-1.07E+02	292
-6.05E+01	-6.65E+01	-1.07E+02	346
-6.01E+01	-6.65E+01	-1.07E+02	425
-5.97E+01	-6.65E+01	-1.07E+02	412
-5.93E+01	-6.65E+01	-1.07E+02	492
-5.89E+01	-6.65E+01	-1.07E+02	558
-5.85E+01	-6.65E+01	-1.07E+02	572
-5.81E+01	-6.65E+01	-1.07E+02	492
-5.77E+01	-6.65E+01	-1.07E+02	452
-5.73E+01	-6.65E+01	-1.07E+02	545
-5.69E+01	-6.65E+01	-1.07E+02	611
-5.65E+01	-6.65E+01	-1.07E+02	611
-5.61E+01	-6.65E+01	-1.07E+02	465
-5.57E+01	-6.65E+01	-1.07E+02	465
-5.53E+01	-6.65E+01	-1.07E+02	412
-6.45E+01	-6.69E+01	-1.07E+02	385
-6.41E+01	-6.69E+01	-1.07E+02	425
-6.37E+01	-6.69E+01	-1.07E+02	425
-6.33E+01	-6.69E+01	-1.07E+02	465
-6.29E+01	-6.69E+01	-1.07E+02	558
-6.25E+01	-6.69E+01	-1.07E+02	518
-6.21E+01	-6.69E+01	-1.07E+02	306
-6.17E+01	-6.69E+01	-1.07E+02	412
-6.13E+01	-6.69E+01	-1.07E+02	505
-6.09E+01	-6.69E+01	-1.07E+02	385
-6.05E+01	-6.69E+01	-1.07E+02	452
-6.01E+01	-6.69E+01	-1.07E+02	505
-5.97E+01	-6.69E+01	-1.07E+02	505
-5.93E+01	-6.69E+01	-1.07E+02	306
-5.89E+01	-6.69E+01	-1.07E+02	252
-5.85E+01	-6.69E+01	-1.07E+02	226
-5.81E+01	-6.69E+01	-1.07E+02	319
-5.77E+01	-6.69E+01	-1.07E+02	439
-5.73E+01	-6.69E+01	-1.07E+02	346
-5.69E+01	-6.69E+01	-1.07E+02	359
-5.65E+01	-6.69E+01	-1.07E+02	505
-5.61E+01	-6.69E+01	-1.07E+02	399
-5.57E+01	-6.69E+01	-1.07E+02	452
-5.53E+01	-6.69E+01	-1.07E+02	518
-5.49E+01	-6.69E+01	-1.07E+02	439
-6.49E+01	-6.73E+01	-1.07E+02	346
-6.45E+01	-6.73E+01	-1.07E+02	558
-6.41E+01	-6.73E+01	-1.07E+02	585
-6.37E+01	-6.73E+01	-1.07E+02	598
-6.33E+01	-6.73E+01	-1.07E+02	518
-6.29E+01	-6.73E+01	-1.07E+02	478
-6.25E+01	-6.73E+01	-1.07E+02	505
-6.21E+01	-6.73E+01	-1.07E+02	518
-6.17E+01	-6.73E+01	-1.07E+02	465
-6.13E+01	-6.73E+01	-1.07E+02	545
-6.09E+01	-6.73E+01	-1.07E+02	598
-6.05E+01	-6.73E+01	-1.07E+02	518
-6.01E+01	-6.73E+01	-1.07E+02	598
-5.97E+01	-6.73E+01	-1.07E+02	691
-5.93E+01	-6.73E+01	-1.07E+02	532
-5.89E+01	-6.73E+01	-1.07E+02	651
-5.85E+01	-6.73E+01	-1.07E+02	638
-5.81E+01	-6.73E+01	-1.07E+02	651
-5.77E+01	-6.73E+01	-1.07E+02	744
-5.73E+01	-6.73E+01	-1.07E+02	625
-5.69E+01	-6.73E+01	-1.07E+02	572
-5.65E+01	-6.73E+01	-1.07E+02	651
-5.61E+01	-6.73E+01	-1.07E+02	478
-5.57E+01	-6.73E+01	-1.07E+02	478
-5.53E+01	-6.73E+01	-1.07E+02	665
-5.49E+01	-6.73E+01	-1.07E+02	625
-5.45E+01	-6.73E+01	-1.07E+02	678
-6.53E+01	-6.77E+01	-1.07E+02	585
-6.49E+01	-6.77E+01	-1.07E+02	558
-6.45E+01	-6.77E+01	-1.07E+02	478
-6.41E+01	-6.77E+01	-1.07E+02	385
-6.37E+01	-6.77E+01	-1.07E+02	478
-6.33E+01	-6.77E+01	-1.07E+02	372
-6.29E+01	-6.77E+01	-1.07E+02	332
-6.25E+01	-6.77E+01	-1.07E+02	505
-6.21E+01	-6.77E+01	-1.07E+02	705
-6.17E+01	-6.77E+01	-1.07E+02	625
-6.13E+01	-6.77E+01	-1.07E+02	359
-6.09E+01	-6.77E+01	-1.07E+02	518
-6.05E+01	-6.77E+01	-1.07E+02	505
-6.01E+01	-6.77E+01	-1.07E+02	518
-5.97E+01	-6.77E+01	-1.07E+02	518
-5.93E+01	-6.77E+01	-1.07E+02	598
-5.89E+01	-6.77E+01	-1.07E+02	651
-5.85E+01	-6.77E+01	-1.07E+02	638
-5.81E+01	-6.77E+01	-1.07E+02	558
-5.77E+01	-6.77E+01	-1.07E+02	465
-5.73E+01	-6.77E+01	-1.07E+02	385
-5.69E+01	-6.77E+01	-1.07E+02	439
-5.65E+01	-6.77E+01	-1.07E+02	611
-5.61E+01	-6.77E+01	-1.07E+02	518
-5.57E+01	-6.77E+01	-1.07E+02	558
-5.53E+01	-6.77E+01	-1.07E+02	518
-5.49E+01	-6.77E+01	-1.07E+02	412
-5.45E+01	-6.77E+01	-1.07E+02	532
-5.41E+01	-6.77E+01	-1.07E+02	585
-6.57E+01	-6.81E+01	-1.07E+02	625
-6.53E+01	-6.81E+01	-1.07E+02	585
-6.49E+01	-6.81E+01	-1.07E+02	478
-6.45E+01	-6.81E+01	-1.07E+02	492
-6.41E+01	-6.81E+01	-1.07E+02	718
-6.37E+01	-6.81E+01	-1.07E+02	718
-6.33E+01	-6.81E+01	-1.07E+02	665
-6.29E+01	-6.81E+01	-1.07E+02	611
-6.25E+01	-6.81E+01	-1.07E+02	465
-6.21E+01	-6.81E+01	-1.07E+02	518
-6.17E+01	-6.81E+01	-1.07E+02	505
-6.13E+01	-6.81E+01	-1.07E+02	545
-6.09E+01	-6.81E+01	-1.07E+02	638
-6.05E+01	-6.81E+01	-1.07E+02	452
-6.01E+01	-6.81E+01	-1.07E+02	478
-5.97E+01	-6.81E+01	-1.07E+02	492
-5.93E+01	-6.81E+01	-1.07E+02	439
-5.89E+01	-6.81E+01	-1.07E+02	359
-5.85E+01	-6.81E+01	-1.07E+02	332
-5.81E+01	-6.81E+01	-1.07E+02	399
-5.77E+01	-6.81E+01	-1.07E+02	478
-5.73E+01	-6.81E+01	-1.07E+02	585
-5.69E+01	-6.81E+01	-1.07E+02	532
-5.65E+01	-6.81E+01	-1.07E+02	465
-5.61E+01	-6.81E+01	-1.07E+02	545
-5.57E+01	-6.81E+01	-1.07E+02	545
-5.53E+01	-6.81E+01	-1.07E+02	439
-5.49E+01	-6.81E+01	-1.07E+02	372
-5.45E+01	-6.81E+01	-1.07E+02	385
-5.41E+01	-6.81E+01	-1.07E+02	425
-5.37E+01	-6.81E+01	-1.07E+02	425
-6.57E+01	-6.85E+01	-1.07E+02	545
-6.53E+01	-6.85E+01	-1.07E+02	518
-6.49E+01	-6.85E+01	-1.07E+02	505
-6.45E+01	-6.85E+01	-1.07E+02	518
-6.41E+01	-6.85E+01	-1.07E+02	478
-6.37E+01	-6.85E+01	-1.07E+02	452
-6.33E+01	-6.85E+01	-1.07E+02	585
-6.29E+01	-6.85E+01	-1.07E+02	518
-6.25E+01	-6.85E+01	-1.07E+02	385
-6.21E+01	-6.85E+01	-1.07E+02	518
-6.17E+01	-6.85E+01	-1.07E+02	478
-6.13E+01	-6.85E+01	-1.07E+02	478
-6.09E+01	-6.85E+01	-1.07E+02	452
-6.05E+01	-6.85E+01	-1.07E+02	505
-6.01E+01	-6.85E+01	-1.07E+02	425
-5.97E+01	-6.85E+01	-1.07E+02	532
-5.93E+01	-6.85E+01	-1.07E+02	585
-5.89E+01	-6.85E+01	-1.07E+02	505
-5.85E+01	-6.85E+01	-1.07E+02	572
-5.81E+01	-6.85E+01	-1.07E+02	558
-5.77E+01	-6.85E+01	-1.07E+02	452
-5.73E+01	-6.85E+01	-1.07E+02	505
-5.69E+01	-6.85E+01	-1.07E+02	505
-5.65E+01	-6.85E+01	-1.07E+02	332
-5.61E+01	-6.85E+01	-1.07E+02	425
-5.57E+01	-6.85E+01	-1.07E+02	465
-5.53E+01	-6.85E+01	-1.07E+02	385
-5.49E+01	-6.85E+01	-1.07E+02	545
-5.45E+01	-6.85E+01	-1.07E+02	518
-5.41E+01	-6.85E+01	-1.07E+02	412
-5.37E+01	-6.85E+01	-1.07E+02	625
-6.61E+01	-6.89E+01	-1.07E+02	505
-6.57E+01	-6.89E+01	-1.07E+02	439
-6.53E+01	-6.89E+01	-1.07E+02	532
-6.49E+01	-6.89E+01	-1.07E+02	452
-6.45E+01	-6.89E+01	-1.07E+02	399
-6.41E+01	-6.89E+01	-1.07E+02	372
-6.37E+01	-6.89E+01	-1.07E+02	385
-6.33E+01	-6.89E+01	-1.07E+02	558
-6.29E+01	-6.89E+01	-1.07E+02	545
-6.25E+01	-6.89E+01	-1.07E+02	492
-6.21E+01	-6.89E+01	-1.07E+02	585
-6.17E+01	-6.89E+01	-1.07E+02	611
-6.13E+01	-6.89E+01	-1.07E+02	651
-6.09E+01	-6.89E+01	-1.07E+02	545
-6.05E+01	-6.89E+01	-1.07E+02	718
-6.01E+01	-6.89E+01	-1.07E+02	465
-5.97E+01	-6.89E+01	-1.07E+02	412
-5.93E+01	-6.89E+01	-1.07E+02	585
-5.89E+01	-6.89E+01	-1.07E+02	651
-5.85E+01	-6.89E+01	-1.07E+02	611
-5.81E+01	-6.89E+01	-1.07E+02	478
-5.77E+01	-6.89E+01	-1.07E+02	452
-5.73E+01	-6.89E+01	-1.07E+02	598
-5.69E+01	-6.89E+01	-1.07E+02	758
-5.65E+01	-6.89E+01	-1.07E+02	558
-5.61E+01	-6.89E+01	-1.07E+02	651
-5.57E+01	-6.89E+01	-1.07E+02	705
-5.53E+01	-6.89E+01	-1.07E+02	558
-5.49E+01	-6.89E+01	-1.07E+02	651
-5.45E+01	-6.89E+01	-1.07E+02	478
-5.41E+01	-6.89E+01	-1.07E+02	492
-5.37E+01	-6.89E+01	-1.07E+02	478
-5.33E+01	-6.89E+01	-1.07E+02	292
-6.61E+01	-6.93E+01	-1.07E+02	558
-6.57E+01	-6.93E+01	-1.07E+02	385
-6.53E+01	-6.93E+01	-1.07E+02	412
-6.49E+01	-6.93E+01	-1.07E+02	572
-6.45E+01	-6.93E+01	-1.07E+02	518
-6.41E+01	-6.93E+01	-1.07E+02	718
-6.37E+01	-6.93E+01	-1.07E+02	518
-6.33E+01	-6.93E+01	-1.07E+02	518
-6.29E+01	-6.93E+01	-1.07E+02	625
-6.25E+01	-6.93E+01	-1.07E+02	532
-6.21E+01	-6.93E+01	-1.07E+02	439
-6.17E+01	-6.93E+01	-1.07E+02	465
-6.13E+01	-6.93E+01	-1.07E+02	532
-6.09E+01	-6.93E+01	-1.07E+02	359
-6.05E+01	-6.93E+01	-1.07E+02	465
-6.01E+01	-6.93E+01	-1.07E+02	585
-5.97E+01	-6.93E+01	-1.07E+02	572
-5.93E+01	-6.93E+01	-1.07E+02	452
-5.89E+01	-6.93E+01	-1.07E+02	399
-5.85E+01	-6.93E+01	-1.07E+02	505
-5.81E+01	-6.93E+01	-1.07E+02	518
-5.77E+01	-6.93E+01	-1.07E+02	545
-5.73E+01	-6.93E+01	-1.07E+02	532
-5.69E+01	-6.93E+01	-1.07E+02	611
-5.65E+01	-6.93E+01	-1.07E+02	598
-5.61E+01	-6.93E+01	-1.07E+02	492
-5.57E+01	-6.93E+01	-1.07E+02	545
-5.53E+01	-6.93E+01	-1.07E+02	545
-5.49E+01	-6.93E+01	-1.07E+02	585
-5.45E+01	-6.93E+01	-1.07E+02	558
-5.41E+01	-6.93E+01	-1.07E+02	678
-5.37E+01	-6.93E+01	-1.07E+02	705
-5.33E+01	-6.93E+01	-1.07E+02	478
-6.61E+01	-6.97E+01	-1.07E+02	465
-6.57E+01	-6.97E+01	-1.07E+02	465
-6.53E+01	-6.97E+01	-1.07E+02	465
-6.49E+01	-6.97E+01	-1.07E+02	518
-6.45E+01	-6.97E+01	-1.07E+02	545
-6.41E+01	-6.97E+01	-1.07E+02	505
-6.37E+01	-6.97E+01	-1.07E+02	252
-6.33E+01	-6.97E+01	-1.07E+02	306
-6.29E+01	-6.97E+01	-1.07E+02	492
-6.25E+01	-6.97E+01	-1.07E+02	651
-6.21E+01	-6.97E+01	-1.07E+02	585
-6.17E+01	-6.97E+01	-1.07E+02	598
-6.13E+01	-6.97E+01	-1.07E+02	532
-6.09E+01	-6.97E+01	-1.07E+02	425
-6.05E+01	-6.97E+01	-1.07E+02	518
-6.01E+01	-6.97E+01	-1.07E+02	598
-5.97E+01	-6.97E+01	-1.07E+02	678
-5.93E+01	-6.97E+01	-1.07E+02	572
-5.89E+01	-6.97E+01	-1.07E+02	292
-5.85E+01	-6.97E+01	-1.07E+02	439
-5.81E+01	-6.97E+01	-1.07E+02	572
-5.77E+01	-6.97E+01	-1.07E+02	465
-5.73E+01	-6.97E+01	-1.07E+02	346
-5.69E+01	-6.97E+01	-1.07E+02	332
-5.65E+01	-6.97E+01	-1.07E+02	372
-5.61E+01	-6.97E+01	-1.07E+02	425
-5.57E+01	-6.97E+01	-1.07E+02	545
-5.53E+01	-6.97E+01	-1.07E+02	532
-5.49E+01	-6.97E+01	-1.07E+02	532
-5.45E+01	-6.97E+01	-1.07E+02	532
-5.41E+01	-6.97E+01	-1.07E+02	465
-5.37E+01	-6.97E+01	-1.07E+02	625
-5.33E+01	-6.97E+01	-1.07E+02	545
-6.65E+01	-7.01E+01	-1.07E+02	532
-6.61E+01	-7.01E+01	-1.07E+02	638
-6.57E+01	-7.01E+01	-1.07E+02	545
-6.53E+01	-7.01E+01	-1.07E+02	545
-6.49E+01	-7.01E+01	-1.07E+02	545
-6.45E+01	-7.01E+01	-1.07E+02	705
-6.41E+01	-7.01E+01	-1.07E+02	638
-6.37E+01	-7.01E+01	-1.07E+02	611
-6.33E+01	-7.01E+01	-1.07E+02	505
-6.29E+01	-7.01E+01	-1.07E+02	399
-6.25E+01	-7.01E+01	-1.07E+02	518
-6.21E+01	-7.01E+01	-1.07E+02	572
-6.17E+01	-7.01E+01	-1.07E+02	558
-6.13E+01	-7.01E+01	-1.07E+02	492
-6.09E+01	-7.01E+01	-1.07E+02	532
-6.05E+01	-7.01E+01	-1.07E+02	532
-6.01E+01	-7.01E+01	-1.07E+02	359
-5.97E+01	-7.01E+01	-1.07E+02	505
-5.93E+01	-7.01E+01	-1.07E+02	638
-5.89E+01	-7.01E+01	-1.07E+02	425
-5.85E+01	-7.01E+01	-1.07E+02	439
-5.81E+01	-7.01E+01	-1.07E+02	598
-5.77E+01	-7.01E+01	-1.07E+02	492
-5.73E+01	-7.01E+01	-1.07E+02	452
-5.69E+01	-7.01E+01	-1.07E+02	492
-5.65E+01	-7.01E+01	-1.07E+02	492
-5.61E+01	-7.01E+01	-1.07E+02	505
-5.57E+01	-7.01E+01	-1.07E+02	558
-5.53E+01	-7.01E+01	-1.07E+02	385
-5.49E+01	-7.01E+01	-1.07E+02	425
-5.45E+01	-7.01E+01	-1.07E+02	532
-5.41E+01	-7.01E+01	-1.07E+02	532
-5.37E+01	-7.01E+01	-1.07E+02	572
-5.33E+01	-7.01E+01	-1.07E+02	532
-5.29E+01	-7.01E+01	-1.07E+02	572
-6.65E+01	-7.05E+01	-1.07E+02	532
-6.61E+01	-7.05E+01	-1.07E+02	492
-6.57E+01	-7.05E+01	-1.07E+02	425
-6.53E+01	-7.05E+01	-1.07E+02	465
-6.49E+01	-7.05E+01	-1.07E+02	465
-6.45E+01	-7.05E+01	-1.07E+02	346
-6.41E+01	-7.05E+01	-1.07E+02	385
-6.37E+01	-7.05E+01	-1.07E+02	611
-6.33E+01	-7.05E+01	-1.07E+02	478
-6.29E+01	-7.05E+01	-1.07E+02	359
-6.25E+01	-7.05E+01	-1.07E+02	465
-6.21E+01	-7.05E+01	-1.07E+02	545
-6.17E+01	-7.05E+01	-1.07E+02	638
-6.13E+01	-7.05E+01	-1.07E+02	585
-6.09E+01	-7.05E+01	-1.07E+02	492
-6.05E+01	-7.05E+01	-1.07E+02	665
-6.01E+01	-7.05E+01	-1.07E+02	518
-5.97E+01	-7.05E+01	-1.07E+02	478
-5.93E+01	-7.05E+01	-1.07E+02	611
-5.89E+01	-7.05E+01	-1.07E+02	598
-5.85E+01	-7.05E+01	-1.07E+02	572
-5.81E+01	-7.05E+01	-1.07E+02	665
-5.77E+01	-7.05E+01	-1.07E+02	625
-5.73E+01	-7.05E+01	-1.07E+02	651
-5.69E+01	-7.05E+01	-1.07E+02	558
-5.65E+01	-7.05E+01	-1.07E+02	492
-5.61E+01	-7.05E+01	-1.07E+02	465
-5.57E+01	-7.05E+01	-1.07E+02	598
-5.53E+01	-7.05E+01	-1.07E+02	465
-5.49E+01	-7.05E+01	-1.07E+02	532
-5.45E+01	-7.05E+01	-1.07E+02	598
-5.41E+01	-7.05E+01	-1.07E+02	505
-5.37E+01	-7.05E+01	-1.07E+02	572
-5.33E+01	-7.05E+01	-1.07E+02	572
-5.29E+01	-7.05E+01	-1.07E+02	558
-6.65E+01	-7.09E+01	-1.07E+02	598
-6.61E+01	-7.09E+01	-1.07E+02	505
-6.57E+01	-7.09E+01	-1.07E+02	492
-6.53E+01	-7.09E+01	-1.07E+02	598
-6.49E+01	-7.09E+01	-1.07E+02	545
-6.45E+01	-7.09E+01	-1.07E+02	385
-6.41E+01	-7.09E+01	-1.07E+02	439
-6.37E+01	-7.09E+01	-1.07E+02	598
-6.33E+01	-7.09E+01	-1.07E+02	572
-6.29E+01	-7.09E+01	-1.07E+02	439
-6.25E+01	-7.09E+01	-1.07E+02	505
-6.21E+01	-7.09E+01	-1.07E+02	452
-6.17E+01	-7.09E+01	-1.07E+02	439
-6.13E+01	-7.09E+01	-1.07E+02	558
-6.09E+01	-7.09E+01	-1.07E+02	558
-6.05E+01	-7.09E+01	-1.07E+02	359
-6.01E+01	-7.09E+01	-1.07E+02	425
-5.97E+01	-7.09E+01	-1.07E+02	412
-5.93E+01	-7.09E+01	-1.07E+02	465
-5.89E+01	-7.09E+01	-1.07E+02	465
-5.85E+01	-7.09E+01	-1.07E+02	585
-5.81E+01	-7.09E+01	-1.07E+02	651
-5.77E+01	-7.09E+01	-1.07E+02	651
-5.73E+01	-7.09E+01	-1.07E+02	558
-5.69E+01	-7.09E+01	-1.07E+02	465
-5.65E+01	-7.09E+01	-1.07E+02	625
-5.61E+01	-7.09E+01	-1.07E+02	665
-5.57E+01	-7.09E+01	-1.07E+02	611
-5.53E+01	-7.09E+01	-1.07E+02	572
-5.49E+01	-7.09E+01	-1.07E+02	718
-5.45E+01	-7.09E+01	-1.07E+02	611
-5.41E+01	-7.09E+01	-1.07E+02	452
-5.37E+01	-7.09E+01	-1.07E+02	558
-5.33E+01	-7.09E+01	-1.07E+02	558
-5.29E+01	-7.09E+01	-1.07E+02	492
-6.65E+01	-7.13E+01	-1.07E+02	452
-6.61E+01	-7.13E+01	-1.07E+02	412
-6.57E+01	-7.13E+01	-1.07E+02	412
-6.53E+01	-7.13E+01	-1.07E+02	505
-6.49E+01	-7.13E+01	-1.07E+02	465
-6.45E+01	-7.13E+01	-1.07E+02	532
-6.41E+01	-7.13E+01	-1.07E+02	585
-6.37E+01	-7.13E+01	-1.07E+02	545
-6.33E+01	-7.13E+01	-1.07E+02	518
-6.29E+01	-7.13E+01	-1.07E+02	439
-6.25E+01	-7.13E+01	-1.07E+02	558
-6.21E+01	-7.13E+01	-1.07E+02	585
-6.17E+01	-7.13E+01	-1.07E+02	518
-6.13E+01	-7.13E+01	-1.07E+02	572
-6.09E+01	-7.13E+01	-1.07E+02	585
-6.05E+01	-7.13E+01	-1.07E+02	439
-6.01E+01	-7.13E+01	-1.07E+02	558
-5.97E+01	-7.13E+01	-1.07E+02	572
-5.93E+01	-7.13E+01	-1.07E+02	585
-5.89E+01	-7.13E+01	-1.07E+02	572
-5.85E+01	-7.13E+01	-1.07E+02	412
-5.81E+01	-7.13E+01	-1.07E+02	492
-5.77E+01	-7.13E+01	-1.07E+02	492
-5.73E+01	-7.13E+01	-1.07E+02	478
-5.69E+01	-7.13E+01	-1.07E+02	478
-5.65E+01	-7.13E+01	-1.07E+02	532
-5.61E+01	-7.13E+01	-1.07E+02	425
-5.57E+01	-7.13E+01	-1.07E+02	213
-5.53E+01	-7.13E+01	-1.07E+02	266
-5.49E+01	-7.13E+01	-1.07E+02	399
-5.45E+01	-7.13E+01	-1.07E+02	425
-5.41E+01	-7.13E+01	-1.07E+02	452
-5.37E+01	-7.13E+01	-1.07E+02	572
-5.33E+01	-7.13E+01	-1.07E+02	465
-5.29E+01	-7.13E+01	-1.07E+02	478
-6.65E+01	-7.17E+01	-1.07E+02	478
-6.61E+01	-7.17E+01	-1.07E+02	558
-6.57E+01	-7.17E+01	-1.07E+02	585
-6.53E+01	-7.17E+01	-1.07E+02	651
-6.49E+01	-7.17E+01	-1.07E+02	611
-6.45E+01	-7.17E+01	-1.07E+02	572
-6.41E+01	-7.17E+01	-1.07E+02	545
-6.37E+01	-7.17E+01	-1.07E+02	532
-6.33E+01	-7.17E+01	-1.07E+02	625
-6.29E+01	-7.17E+01	-1.07E+02	492
-6.25E+01	-7.17E+01	-1.07E+02	465
-6.21E+01	-7.17E+01	-1.07E+02	492
-6.17E+01	-7.17E+01	-1.07E+02	385
-6.13E+01	-7.17E+01	-1.07E+02	518
-6.09E+01	-7.17E+01	-1.07E+02	518
-6.05E+01	-7.17E+01	-1.07E+02	492
-6.01E+01	-7.17E+01	-1.07E+02	545
-5.97E+01	-7.17E+01	-1.07E+02	372
-5.93E+01	-7.17E+01	-1.07E+02	252
-5.89E+01	-7.17E+01	-1.07E+02	372
-5.85E+01	-7.17E+01	-1.07E+02	359
-5.81E+01	-7.17E+01	-1.07E+02	359
-5.77E+01	-7.17E+01	-1.07E+02	252
-5.73E+01	-7.17E+01	-1.07E+02	319
-5.69E+01	-7.17E+01	-1.07E+02	385
-5.65E+01	-7.17E+01	-1.07E+02	399
-5.61E+01	-7.17E+01	-1.07E+02	372
-5.57E+01	-7.17E+01	-1.07E+02	439
-5.53E+01	-7.17E+01	-1.07E+02	638
-5.49E+01	-7.17E+01	-1.07E+02	518
-5.45E+01	-7.17E+01	-1.07E+02	505
-5.41E+01	-7.17E+01	-1.07E+02	492
-5.37E+01	-7.17E+01	-1.07E+02	492
-5.33E+01	-7.17E+01	-1.07E+02	478
-5.29E+01	-7.17E+01	-1.07E+02	505
-6.65E+01	-7.21E+01	-1.07E+02	425
-6.61E+01	-7.21E+01	-1.07E+02	625
-6.57E+01	-7.21E+01	-1.07E+02	625
-6.53E+01	-7.21E+01	-1.07E+02	452
-6.49E+01	-7.21E+01	-1.07E+02	505
-6.45E+01	-7.21E+01	-1.07E+02	691
-6.41E+01	-7.21E+01	-1.07E+02	532
-6.37E+01	-7.21E+01	-1.07E+02	425
-6.33E+01	-7.21E+01	-1.07E+02	492
-6.29E+01	-7.21E+01	-1.07E+02	492
-6.25E+01	-7.21E+01	-1.07E+02	465
-6.21E+01	-7.21E+01	-1.07E+02	439
-6.17E+01	-7.21E+01	-1.07E+02	518
-6.13E+01	-7.21E+01	-1.07E+02	518
-6.09E+01	-7.21E+01	-1.07E+02	399
-6.05E+01	-7.21E+01	-1.07E+02	399
-6.01E+01	-7.21E+01	-1.07E+02	492
-5.97E+01	-7.21E+01	-1.07E+02	505
-5.93E+01	-7.21E+01	-1.07E+02	399
-5.89E+01	-7.21E+01	-1.07E+02	545
-5.85E+01	-7.21E+01	-1.07E+02	572
-5.81E+01	-7.21E+01	-1.07E+02	611
-5.77E+01	-7.21E+01	-1.07E+02	598
-5.73E+01	-7.21E+01	-1.07E+02	558
-5.69E+01	-7.21E+01	-1.07E+02	691
-5.65E+01	-7.21E+01	-1.07E+02	598
-5.61E+01	-7.21E+01	-1.07E+02	678
-5.57E+01	-7.21E+01	-1.07E+02	744
-5.53E+01	-7.21E+01	-1.07E+02	625
-5.49E+01	-7.21E+01	-1.07E+02	439
-5.45E+01	-7.21E+01	-1.07E+02	532
-5.41E+01	-7.21E+01	-1.07E+02	598
-5.37E+01	-7.21E+01	-1.07E+02	505
-5.33E+01	-7.21E+01	-1.07E+02	505
-5.29E+01	-7.21E+01	-1.07E+02	505
-6.65E+01	-7.25E+01	-1.07E+02	545
-6.61E+01	-7.25E+01	-1.07E+02	678
-6.57E+01	-7.25E+01	-1.07E+02	465
-6.53E+01	-7.25E+01	-1.07E+02	226
-6.49E+01	-7.25E+01	-1.07E+02	359
-6.45E+01	-7.25E+01	-1.07E+02	478
-6.41E+01	-7.25E+01	-1.07E+02	425
-6.37E+01	-7.25E+01	-1.07E+02	359
-6.33E+01	-7.25E+01	-1.07E+02	518
-6.29E+01	-7.25E+01	-1.07E+02	611
-6.25E+01	-7.25E+01	-1.07E+02	691
-6.21E+01	-7.25E+01	-1.07E+02	532
-6.17E+01	-7.25E+01	-1.07E+02	598
-6.13E+01	-7.25E+01	-1.07E+02	638
-6.09E+01	-7.25E+01	-1.07E+02	665
-6.05E+01	-7.25E+01	-1.07E+02	651
-6.01E+01	-7.25E+01	-1.07E+02	718
-5.97E+01	-7.25E+01	-1.07E+02	771
-5.93E+01	-7.25E+01	-1.07E+02	718
-5.89E+01	-7.25E+01	-1.07E+02	731
-5.85E+01	-7.25E+01	-1.07E+02	585
-5.81E+01	-7.25E+01	-1.07E+02	545
-5.77E+01	-7.25E+01	-1.07E+02	651
-5.73E+01	-7.25E+01	-1.07E+02	665
